-3.43196653e-03
-1.08992599e-03
1.08992599e-03
3.43196653e-03
6.18738215e-03
9.18967370e-03
1.22787505e-02
1.53465625e-02
1.84155907e-02
2.14844178e-02
2.45530419e-02
2.76214331e-02
3.06895655e-02
3.37574072e-02
3.68249342e-02
3.98921110e-02
4.29589152e-02
4.60253134e-02
4.90912795e-02
5.21567799e-02
5.52217886e-02
5.82862794e-02
6.13502227e-02
6.44135848e-02
6.74763396e-02
7.05384538e-02
7.35999122e-02
7.66606778e-02
7.97207206e-02
8.27800110e-02
8.58385190e-02
8.88962150e-02
9.19530764e-02
9.50090736e-02
9.80641767e-02
1.01118349e-01
1.04171574e-01
1.07223816e-01
1.10275052e-01
1.13325246e-01
1.16374373e-01
1.19422406e-01
1.22469313e-01
1.25515059e-01
1.28559619e-01
1.31602988e-01
1.34645090e-01
1.37685955e-01
1.40725493e-01
1.43763736e-01
1.46800593e-01
1.49836093e-01
1.52870163e-01
1.55902803e-01
1.58933967e-01
1.61963642e-01
1.64991781e-01
1.68018371e-01
1.71043381e-01
1.74066782e-01
1.77088529e-01
1.80108607e-01
1.83127001e-01
1.86143667e-01
1.89158574e-01
1.92171693e-01
1.95183009e-01
1.98192492e-01
2.01200098e-01
2.04205826e-01
2.07209617e-01
2.10211456e-01
2.13211313e-01
2.16209173e-01
2.19204977e-01
2.22198725e-01
2.25190386e-01
2.28179917e-01
2.31167287e-01
2.34152496e-01
2.37135500e-01
2.40116268e-01
2.43094772e-01
2.46070981e-01
2.49044880e-01
2.52016425e-01
2.54985601e-01
2.57952362e-01
2.60916710e-01
2.63878584e-01
2.66837984e-01
2.69794852e-01
2.72749215e-01
2.75700957e-01
2.78650135e-01
2.81596690e-01
2.84540594e-01
2.87481785e-01
2.90420294e-01
2.93356061e-01
2.96289057e-01
2.99219280e-01
3.02146673e-01
3.05071235e-01
3.07992905e-01
3.10911685e-01
3.13827515e-01
3.16740394e-01
3.19650292e-01
3.22557181e-01
3.25461060e-01
3.28361839e-01
3.31259519e-01
3.34154099e-01
3.37045521e-01
3.39933753e-01
3.42818797e-01
3.45700622e-01
3.48579168e-01
3.51454437e-01
3.54326397e-01
3.57195020e-01
3.60060304e-01
3.62922162e-01
3.65780592e-01
3.68635595e-01
3.71487111e-01
3.74335140e-01
3.77179652e-01
3.80020589e-01
3.82857949e-01
3.85691732e-01
3.88521850e-01
3.91348302e-01
3.94171089e-01
3.96990150e-01
3.99805456e-01
4.02617007e-01
4.05424774e-01
4.08228725e-01
4.11028802e-01
4.13825035e-01
4.16617364e-01
4.19405758e-01
4.22190219e-01
4.24970686e-01
4.27747160e-01
4.30519611e-01
4.33287978e-01
4.36052263e-01
4.38812464e-01
4.41568524e-01
4.44320410e-01
4.47068125e-01
4.49811608e-01
4.52550888e-01
4.55285877e-01
4.58016574e-01
4.60742980e-01
4.63465035e-01
4.66182709e-01
4.68896002e-01
4.71604884e-01
4.74309325e-01
4.77009267e-01
4.79704738e-01
4.82395679e-01
4.85082090e-01
4.87763911e-01
4.90441144e-01
4.93113756e-01
4.95781720e-01
4.98445034e-01
5.01103640e-01
5.03757536e-01
5.06406665e-01
5.09051025e-01
5.11690557e-01
5.14325321e-01
5.16955197e-01
5.19580305e-01
5.22200406e-01
5.24815619e-01
5.27425885e-01
5.30031204e-01
5.32631516e-01
5.35226822e-01
5.37817061e-01
5.40402234e-01
5.42982280e-01
5.45557320e-01
5.48127115e-01
5.50691783e-01
5.53251266e-01
5.55805564e-01
5.58354616e-01
5.60898364e-01
5.63436806e-01
5.65970004e-01
5.68497837e-01
5.71020365e-01
5.73537469e-01
5.76049149e-01
5.78555405e-01
5.81056237e-01
5.83551645e-01
5.86041510e-01
5.88525832e-01
5.91004550e-01
5.93477786e-01
5.95945418e-01
5.98407447e-01
6.00863814e-01
6.03314519e-01
6.05759561e-01
6.08198941e-01
6.10632539e-01
6.13060355e-01
6.15482390e-01
6.17898643e-01
6.20309174e-01
6.22713745e-01
6.25112474e-01
6.27505302e-01
6.29892230e-01
6.32273257e-01
6.34648263e-01
6.37017310e-01
6.39380395e-01
6.41737401e-01
6.44088387e-01
6.46433353e-01
6.48772180e-01
6.51104927e-01
6.53431475e-01
6.55751884e-01
6.58066154e-01
6.60374224e-01
6.62676036e-01
6.64971590e-01
6.67260885e-01
6.69543982e-01
6.71820641e-01
6.74091101e-01
6.76355124e-01
6.78612769e-01
6.80864036e-01
6.83108926e-01
6.85347378e-01
6.87579334e-01
6.89804792e-01
6.92023754e-01
6.94236279e-01
6.96442187e-01
6.98641598e-01
7.00834334e-01
7.03020513e-01
7.05200076e-01
7.07373023e-01
7.09539294e-01
7.11698890e-01
7.13851750e-01
7.15997875e-01
7.18137264e-01
7.20269859e-01
7.22395718e-01
7.24514723e-01
7.26626933e-01
7.28732288e-01
7.30830789e-01
7.32922375e-01
7.35007107e-01
7.37084925e-01
7.39155769e-01
7.41219580e-01
7.43276477e-01
7.45326340e-01
7.47369230e-01
7.49405026e-01
7.51433790e-01
7.53455460e-01
7.55470037e-01
7.57477522e-01
7.59477854e-01
7.61471033e-01
7.63457060e-01
7.65435815e-01
7.67407417e-01
7.69371748e-01
7.71328926e-01
7.73278713e-01
7.75221348e-01
7.77156591e-01
7.79084504e-01
7.81005085e-01
7.82918334e-01
7.84824193e-01
7.86722660e-01
7.88613737e-01
7.90497363e-01
7.92373478e-01
7.94242203e-01
7.96103418e-01
7.97957182e-01
7.99803376e-01
8.01642060e-01
8.03473175e-01
8.05296719e-01
8.07112694e-01
8.08921039e-01
8.10721815e-01
8.12514901e-01
8.14300358e-01
8.16078126e-01
8.17848206e-01
8.19610536e-01
8.21365237e-01
8.23112130e-01
8.24851334e-01
8.26582730e-01
8.28306317e-01
8.30022097e-01
8.31730068e-01
8.33430231e-01
8.35122526e-01
8.36806953e-01
8.38483512e-01
8.40152144e-01
8.41812849e-01
8.43465626e-01
8.45110476e-01
8.46747339e-01
8.48376274e-01
8.49997163e-01
8.51610124e-01
8.53214979e-01
8.54811847e-01
8.56400609e-01
8.57981324e-01
8.59553933e-01
8.61118495e-01
8.62674952e-01
8.64223242e-01
8.65763366e-01
8.67295325e-01
8.68819177e-01
8.70334804e-01
8.71842265e-01
8.73341560e-01
8.74832511e-01
8.76315296e-01
8.77789795e-01
8.79256010e-01
8.80713940e-01
8.82163584e-01
8.83604944e-01
8.85037959e-01
8.86462629e-01
8.87878954e-01
8.89286935e-01
8.90686512e-01
8.92077684e-01
8.93460453e-01
8.94834816e-01
8.96200716e-01
8.97558212e-01
8.98907244e-01
9.00247872e-01
9.01579916e-01
9.02903557e-01
9.04218614e-01
9.05525148e-01
9.06823158e-01
9.08112645e-01
9.09393549e-01
9.10665929e-01
9.11929727e-01
9.13184941e-01
9.14431512e-01
9.15669501e-01
9.16898847e-01
9.18119550e-01
9.19331551e-01
9.20534968e-01
9.21729684e-01
9.22915757e-01
9.24093127e-01
9.25261736e-01
9.26421702e-01
9.27572846e-01
9.28715289e-01
9.29848969e-01
9.30973887e-01
9.32090044e-01
9.33197439e-01
9.34296072e-01
9.35385883e-01
9.36466873e-01
9.37539041e-01
9.38602328e-01
9.39656854e-01
9.40702498e-01
9.41739261e-01
9.42767143e-01
9.43786085e-01
9.44796205e-01
9.45797384e-01
9.46789742e-01
9.47773099e-01
9.48747635e-01
9.49713111e-01
9.50669706e-01
9.51617301e-01
9.52555954e-01
9.53485668e-01
9.54406321e-01
9.55318034e-01
9.56220686e-01
9.57114339e-01
9.57998991e-01
9.58874643e-01
9.59741294e-01
9.60598826e-01
9.61447358e-01
9.62286830e-01
9.63117242e-01
9.63938534e-01
9.64750767e-01
9.65553939e-01
9.66347992e-01
9.67132926e-01
9.67908740e-01
9.68675435e-01
9.69433069e-01
9.70181525e-01
9.70920801e-01
9.71650958e-01
9.72371995e-01
9.73083794e-01
9.73786533e-01
9.74480033e-01
9.75164413e-01
9.75839555e-01
9.76505458e-01
9.77162242e-01
9.77809727e-01
9.78448093e-01
9.79077160e-01
9.79697049e-01
9.80307698e-01
9.80909109e-01
9.81501281e-01
9.82084215e-01
9.82657909e-01
9.83222306e-01
9.83777463e-01
9.84323323e-01
9.84859943e-01
9.85387266e-01
9.85905349e-01
9.86414075e-01
9.86913562e-01
9.87403750e-01
9.87884581e-01
9.88356173e-01
9.88818407e-01
9.89271343e-01
9.89714921e-01
9.90149200e-01
9.90574181e-01
9.90989804e-01
9.91396070e-01
9.91793036e-01
9.92180645e-01
9.92558897e-01
9.92927790e-01
9.93287325e-01
9.93637502e-01
9.93978322e-01
9.94309783e-01
9.94631827e-01
9.94944572e-01
9.95247900e-01
9.95541930e-01
9.95826483e-01
9.96101737e-01
9.96367514e-01
9.96623993e-01
9.96870995e-01
9.97108698e-01
9.97336924e-01
9.97555792e-01
9.97765243e-01
9.97965336e-01
9.98155951e-01
9.98337209e-01
9.98509109e-01
9.98671532e-01
9.98824596e-01
9.98968184e-01
9.99102473e-01
9.99227285e-01
9.99342620e-01
9.99448597e-01
9.99545097e-01
9.99632299e-01
9.99710023e-01
9.99778330e-01
9.99837220e-01
9.99886692e-01
9.99926686e-01
9.99957323e-01
9.99978483e-01
9.99990284e-01
9.99992609e-01
9.99985576e-01
9.99969125e-01
9.99943137e-01
9.99907851e-01
9.99863088e-01
9.99808967e-01
9.99745369e-01
9.99672294e-01
9.99589920e-01
9.99498010e-01
9.99396741e-01
9.99286115e-01
9.99166012e-01
9.99036551e-01
9.98897552e-01
9.98749256e-01
9.98591483e-01
9.98424351e-01
9.98247743e-01
9.98061836e-01
9.97866452e-01
9.97661710e-01
9.97447550e-01
9.97223973e-01
9.96991038e-01
9.96748686e-01
9.96496916e-01
9.96235788e-01
9.95965242e-01
9.95685399e-01
9.95396078e-01
9.95097458e-01
9.94789422e-01
9.94471967e-01
9.94145215e-01
9.93809044e-01
9.93463576e-01
9.93108690e-01
9.92744505e-01
9.92370903e-01
9.91988003e-01
9.91595745e-01
9.91194129e-01
9.90783155e-01
9.90362883e-01
9.89933252e-01
9.89494324e-01
9.89046037e-01
9.88588452e-01
9.88121569e-01
9.87645328e-01
9.87159789e-01
9.86665010e-01
9.86160874e-01
9.85647440e-01
9.85124767e-01
9.84592795e-01
9.84051526e-01
9.83501017e-01
9.82941210e-01
9.82372165e-01
9.81793880e-01
9.81206357e-01
9.80609596e-01
9.80003595e-01
9.79388297e-01
9.78763819e-01
9.78130043e-01
9.77487147e-01
9.76835012e-01
9.76173639e-01
9.75503147e-01
9.74823356e-01
9.74134445e-01
9.73436296e-01
9.72729027e-01
9.72012639e-01
9.71287012e-01
9.70552325e-01
9.69808400e-01
9.69055414e-01
9.68293250e-01
9.67522025e-01
9.66741621e-01
9.65952098e-01
9.65153515e-01
9.64345813e-01
9.63529050e-01
9.62703168e-01
9.61868227e-01
9.61024225e-01
9.60171223e-01
9.59309101e-01
9.58437979e-01
9.57557797e-01
9.56668615e-01
9.55770433e-01
9.54863250e-01
9.53947067e-01
9.53021944e-01
9.52087760e-01
9.51144636e-01
9.50192511e-01
9.49231505e-01
9.48261440e-01
9.47282553e-01
9.46294665e-01
9.45297956e-01
9.44292247e-01
9.43277717e-01
9.42254245e-01
9.41221952e-01
9.40180779e-01
9.39130723e-01
9.38071787e-01
9.37004030e-01
9.35927451e-01
9.34842050e-01
9.33747888e-01
9.32644904e-01
9.31533098e-01
9.30412531e-01
9.29283261e-01
9.28145170e-01
9.26998377e-01
9.25842822e-01
9.24678504e-01
9.23505545e-01
9.22323823e-01
9.21133399e-01
9.19934332e-01
9.18726623e-01
9.17510211e-01
9.16285217e-01
9.15051579e-01
9.13809299e-01
9.12558436e-01
9.11298931e-01
9.10030842e-01
9.08754170e-01
9.07468975e-01
9.06175196e-01
9.04872894e-01
9.03562129e-01
9.02242780e-01
9.00914967e-01
8.99578631e-01
8.98233831e-01
8.96880507e-01
8.95518839e-01
8.94148648e-01
8.92770112e-01
8.91383111e-01
8.89987767e-01
8.88584018e-01
8.87171865e-01
8.85751367e-01
8.84322464e-01
8.82885277e-01
8.81439805e-01
8.79986048e-01
8.78523946e-01
8.77053618e-01
8.75574946e-01
8.74088109e-01
8.72592926e-01
8.71089578e-01
8.69578063e-01
8.68058324e-01
8.66530418e-01
8.64994347e-01
8.63450110e-01
8.61897767e-01
8.60337257e-01
8.58768642e-01
8.57191980e-01
8.55607212e-01
8.54014397e-01
8.52413535e-01
8.50804687e-01
8.49187732e-01
8.47562850e-01
8.45929921e-01
8.44289064e-01
8.42640221e-01
8.40983510e-01
8.39318812e-01
8.37646246e-01
8.35965753e-01
8.34277391e-01
8.32581162e-01
8.30877066e-01
8.29165220e-01
8.27445507e-01
8.25718045e-01
8.23982716e-01
8.22239697e-01
8.20488870e-01
8.18730354e-01
8.16964090e-01
8.15190196e-01
8.13408613e-01
8.11619341e-01
8.09822381e-01
8.08017850e-01
8.06205690e-01
8.04385960e-01
8.02558601e-01
8.00723732e-01
7.98881233e-01
7.97031283e-01
7.95173764e-01
7.93308794e-01
7.91436315e-01
7.89556444e-01
7.87669122e-01
7.85774350e-01
7.83872187e-01
7.81962633e-01
7.80045688e-01
7.78121471e-01
7.76189864e-01
7.74250984e-01
7.72304714e-01
7.70351231e-01
7.68390477e-01
7.66422510e-01
7.64447331e-01
7.62464941e-01
7.60475338e-01
7.58478582e-01
7.56474674e-01
7.54463673e-01
7.52445579e-01
7.50420332e-01
7.48388052e-01
7.46348679e-01
7.44302332e-01
7.42248893e-01
7.40188539e-01
7.38121212e-01
7.36046910e-01
7.33965635e-01
7.31877446e-01
7.29782403e-01
7.27680504e-01
7.25571752e-01
7.23456085e-01
7.21333623e-01
7.19204426e-01
7.17068374e-01
7.14925647e-01
7.12776124e-01
7.10619926e-01
7.08456993e-01
7.06287384e-01
7.04111159e-01
7.01928318e-01
6.99738860e-01
6.97542727e-01
6.95340097e-01
6.93130851e-01
6.90915167e-01
6.88692927e-01
6.86464190e-01
6.84228957e-01
6.81987286e-01
6.79739237e-01
6.77484751e-01
6.75223947e-01
6.72956705e-01
6.70683146e-01
6.68403208e-01
6.66117072e-01
6.63824618e-01
6.61525965e-01
6.59220994e-01
6.56909823e-01
6.54592454e-01
6.52268946e-01
6.49939299e-01
6.47603571e-01
6.45261645e-01
6.42913699e-01
6.40559673e-01
6.38199687e-01
6.35833621e-01
6.33461535e-01
6.31083488e-01
6.28699541e-01
6.26309633e-01
6.23913884e-01
6.21512175e-01
6.19104683e-01
6.16691291e-01
6.14272177e-01
6.11847222e-01
6.09416485e-01
6.06979966e-01
6.04537785e-01
6.02089942e-01
5.99636376e-01
5.97177207e-01
5.94712377e-01
5.92241883e-01
5.89765906e-01
5.87284327e-01
5.84797263e-01
5.82304657e-01
5.79806566e-01
5.77302992e-01
5.74793994e-01
5.72279632e-01
5.69759786e-01
5.67234635e-01
5.64704120e-01
5.62168300e-01
5.59627175e-01
5.57080746e-01
5.54529071e-01
5.51972210e-01
5.49410164e-01
5.46842933e-01
5.44270515e-01
5.41692913e-01
5.39110303e-01
5.36522567e-01
5.33929825e-01
5.31332016e-01
5.28729200e-01
5.26121438e-01
5.23508668e-01
5.20891011e-01
5.18268347e-01
5.15640914e-01
5.13008595e-01
5.10371447e-01
5.07729471e-01
5.05082726e-01
5.02431154e-01
4.99774933e-01
4.97113973e-01
4.94448364e-01
4.91778046e-01
4.89103138e-01
4.86423582e-01
4.83739465e-01
4.81050789e-01
4.78357583e-01
4.75659877e-01
4.72957671e-01
4.70251024e-01
4.67539936e-01
4.64824438e-01
4.62104559e-01
4.59380358e-01
4.56651807e-01
4.53918934e-01
4.51181799e-01
4.48440403e-01
4.45694804e-01
4.42945004e-01
4.40191031e-01
4.37432915e-01
4.34670657e-01
4.31904316e-01
4.29133892e-01
4.26359445e-01
4.23580974e-01
4.20798510e-01
4.18012083e-01
4.15221721e-01
4.12427455e-01
4.09629285e-01
4.06827271e-01
4.04021412e-01
4.01211739e-01
3.98398280e-01
3.95581096e-01
3.92760187e-01
3.89935553e-01
3.87107283e-01
3.84275317e-01
3.81439775e-01
3.78600597e-01
3.75757873e-01
3.72911602e-01
3.70061815e-01
3.67208540e-01
3.64351809e-01
3.61491680e-01
3.58628094e-01
3.55761170e-01
3.52890849e-01
3.50017250e-01
3.47140312e-01
3.44260156e-01
3.41376722e-01
3.38490069e-01
3.35600227e-01
3.32707226e-01
3.29811096e-01
3.26911837e-01
3.24009538e-01
3.21104139e-01
3.18195760e-01
3.15284342e-01
3.12370002e-01
3.09452683e-01
3.06532472e-01
3.03609341e-01
3.00683379e-01
2.97754586e-01
2.94822961e-01
2.91888565e-01
2.88951427e-01
2.86011577e-01
2.83068985e-01
2.80123770e-01
2.77175903e-01
2.74225444e-01
2.71272361e-01
2.68316776e-01
2.65358627e-01
2.62397975e-01
2.59434879e-01
2.56469309e-01
2.53501326e-01
2.50530958e-01
2.47558251e-01
2.44583189e-01
2.41605833e-01
2.38626197e-01
2.35644296e-01
2.32660204e-01
2.29673892e-01
2.26685435e-01
2.23694846e-01
2.20702142e-01
2.17707366e-01
2.14710519e-01
2.11711660e-01
2.08710805e-01
2.05707982e-01
2.02703238e-01
1.99696571e-01
1.96688026e-01
1.93677619e-01
1.90665394e-01
1.87651366e-01
1.84635580e-01
1.81618050e-01
1.78598806e-01
1.75577879e-01
1.72555298e-01
1.69531107e-01
1.66505292e-01
1.63477927e-01
1.60449013e-01
1.57418594e-01
1.54386684e-01
1.51353329e-01
1.48318544e-01
1.45282358e-01
1.42244816e-01
1.39205918e-01
1.36165708e-01
1.33124232e-01
1.30081490e-01
1.27037525e-01
1.23992361e-01
1.20946027e-01
1.17898554e-01
1.14849970e-01
1.11800313e-01
1.08749591e-01
1.05697855e-01
1.02645114e-01
9.95914117e-02
9.65367630e-02
9.34812203e-02
9.04247835e-02
8.73675048e-02
8.43093917e-02
8.12504888e-02
7.81908259e-02
7.51304179e-02
7.20693022e-02
6.90075085e-02
6.59450665e-02
6.28820062e-02
5.98183498e-02
5.67541309e-02
5.36893792e-02
5.06241173e-02
4.75583822e-02
4.44922000e-02
4.14255969e-02
3.83586027e-02
3.52912433e-02
3.22235562e-02
2.91555654e-02
2.60872990e-02
2.30187867e-02
1.99500583e-02
1.68811399e-02
1.38120651e-02
1.07428590e-02
7.67355133e-03
4.60417150e-03
1.53474847e-03
-1.53468887e-03
-4.60411189e-03
-7.67349172e-03
-1.07427994e-02
-1.38120055e-02
-1.68810803e-02
-1.99499987e-02
-2.30187271e-02
-2.60872394e-02
-2.91555058e-02
-3.22234966e-02
-3.52911837e-02
-3.83585431e-02
-4.14255373e-02
-4.44921404e-02
-4.75583225e-02
-5.06240577e-02
-5.36893196e-02
-5.67540713e-02
-5.98182902e-02
-6.28819466e-02
-6.59450069e-02
-6.90074489e-02
-7.20692426e-02
-7.51303583e-02
-7.81907663e-02
-8.12504292e-02
-8.43093321e-02
-8.73674452e-02
-9.04247239e-02
-9.34811607e-02
-9.65367034e-02
-9.95913520e-02
-1.02645054e-01
-1.05697796e-01
-1.08749531e-01
-1.11800253e-01
-1.14849910e-01
-1.17898494e-01
-1.20945968e-01
-1.23992302e-01
-1.27037466e-01
-1.30081430e-01
-1.33124173e-01
-1.36165649e-01
-1.39205858e-01
-1.42244756e-01
-1.45282298e-01
-1.48318484e-01
-1.51353270e-01
-1.54386625e-01
-1.57418534e-01
-1.60448954e-01
-1.63477868e-01
-1.66505232e-01
-1.69531047e-01
-1.72555238e-01
-1.75577819e-01
-1.78598747e-01
-1.81617990e-01
-1.84635520e-01
-1.87651306e-01
-1.90665334e-01
-1.93677559e-01
-1.96687967e-01
-1.99696511e-01
-2.02703178e-01
-2.05707937e-01
-2.08710745e-01
-2.11711600e-01
-2.14710459e-01
-2.17707306e-01
-2.20702082e-01
-2.23694786e-01
-2.26685375e-01
-2.29673848e-01
-2.32660145e-01
-2.35644251e-01
-2.38626137e-01
-2.41605774e-01
-2.44583130e-01
-2.47558191e-01
-2.50530899e-01
-2.53501266e-01
-2.56469250e-01
-2.59434819e-01
-2.62397915e-01
-2.65358567e-01
-2.68316716e-01
-2.71272302e-01
-2.74225384e-01
-2.77175844e-01
-2.80123711e-01
-2.83068925e-01
-2.86011517e-01
-2.88951367e-01
-2.91888505e-01
-2.94822901e-01
-2.97754526e-01
-3.00683320e-01
-3.03609282e-01
-3.06532413e-01
-3.09452653e-01
-3.12369943e-01
-3.15284312e-01
-3.18195701e-01
-3.21104109e-01
-3.24009478e-01
-3.26911807e-01
-3.29811037e-01
-3.32707167e-01
-3.35600168e-01
-3.38490009e-01
-3.41376662e-01
-3.44260097e-01
-3.47140253e-01
-3.50017190e-01
-3.52890790e-01
-3.55761111e-01
-3.58628035e-01
-3.61491621e-01
-3.64351779e-01
-3.67208511e-01
-3.70061755e-01
-3.72911543e-01
-3.75757813e-01
-3.78600538e-01
-3.81439716e-01
-3.84275258e-01
-3.87107223e-01
-3.89935493e-01
-3.92760128e-01
-3.95581037e-01
-3.98398221e-01
-4.01211679e-01
-4.04021353e-01
-4.06827211e-01
-4.09629226e-01
-4.12427396e-01
-4.15221691e-01
-4.18012053e-01
-4.20798481e-01
-4.23580915e-01
-4.26359415e-01
-4.29133862e-01
-4.31904256e-01
-4.34670597e-01
-4.37432855e-01
-4.40191001e-01
-4.42944974e-01
-4.45694774e-01
-4.48440373e-01
-4.51181740e-01
-4.53918874e-01
-4.56651747e-01
-4.59380299e-01
-4.62104499e-01
-4.64824378e-01
-4.67539877e-01
-4.70250964e-01
-4.72957611e-01
-4.75659817e-01
-4.78357553e-01
-4.81050760e-01
-4.83739436e-01
-4.86423552e-01
-4.89103079e-01
-4.91778016e-01
-4.94448304e-01
-4.97113913e-01
-4.99774873e-01
-5.02431095e-01
-5.05082667e-01
-5.07729411e-01
-5.10371387e-01
-5.13008535e-01
-5.15640855e-01
-5.18268287e-01
-5.20890951e-01
-5.23508608e-01
-5.26121378e-01
-5.28729141e-01
-5.31331956e-01
-5.33929765e-01
-5.36522508e-01
-5.39110243e-01
-5.41692853e-01
-5.44270396e-01
-5.46842873e-01
-5.49410105e-01
-5.51972151e-01
-5.54529011e-01
-5.57080686e-01
-5.59627116e-01
-5.62168241e-01
-5.64704061e-01
-5.67234576e-01
-5.69759727e-01
-5.72279572e-01
-5.74793935e-01
-5.77302933e-01
-5.79806507e-01
-5.82304597e-01
-5.84797204e-01
-5.87284267e-01
-5.89765847e-01
-5.92241824e-01
-5.94712317e-01
-5.97177148e-01
-5.99636376e-01
-6.02089882e-01
-6.04537785e-01
-6.06979966e-01
-6.09416425e-01
-6.11847162e-01
-6.14272058e-01
-6.16691232e-01
-6.19104564e-01
-6.21512175e-01
-6.23913825e-01
-6.26309633e-01
-6.28699481e-01
-6.31083429e-01
-6.33461475e-01
-6.35833561e-01
-6.38199627e-01
-6.40559673e-01
-6.42913640e-01
-6.45261645e-01
-6.47603512e-01
-6.49939299e-01
-6.52268887e-01
-6.54592395e-01
-6.56909764e-01
-6.59220934e-01
-6.61525905e-01
-6.63824618e-01
-6.66117013e-01
-6.68403208e-01
-6.70683086e-01
-6.72956705e-01
-6.75223887e-01
-6.77484751e-01
-6.79739177e-01
-6.81987286e-01
-6.84228957e-01
-6.86464131e-01
-6.88692868e-01
-6.90915108e-01
-6.93130851e-01
-6.95340037e-01
-6.97542727e-01
-6.99738801e-01
-7.01928318e-01
-7.04111159e-01
-7.06287384e-01
-7.08456993e-01
-7.10619867e-01
-7.12776065e-01
-7.14925587e-01
-7.17068315e-01
-7.19204366e-01
-7.21333563e-01
-7.23456085e-01
-7.25571692e-01
-7.27680504e-01
-7.29782403e-01
-7.31877446e-01
-7.33965576e-01
-7.36046851e-01
-7.38121152e-01
-7.40188479e-01
-7.42248833e-01
-7.44302273e-01
-7.46348619e-01
-7.48387992e-01
-7.50420332e-01
-7.52445519e-01
-7.54463673e-01
-7.56474674e-01
-7.58478582e-01
-7.60475338e-01
-7.62464941e-01
-7.64447331e-01
-7.66422510e-01
-7.68390477e-01
-7.70351231e-01
-7.72304714e-01
-7.74250925e-01
-7.76189864e-01
-7.78121412e-01
-7.80045688e-01
-7.81962633e-01
-7.83872187e-01
-7.85774350e-01
-7.87669122e-01
-7.89556444e-01
-7.91436315e-01
-7.93308735e-01
-7.95173764e-01
-7.97031224e-01
-7.98881233e-01
-8.00723672e-01
-8.02558601e-01
-8.04385900e-01
-8.06205630e-01
-8.08017790e-01
-8.09822381e-01
-8.11619282e-01
-8.13408554e-01
-8.15190136e-01
-8.16964090e-01
-8.18730295e-01
-8.20488870e-01
-8.22239637e-01
-8.23982716e-01
-8.25717986e-01
-8.27445507e-01
-8.29165161e-01
-8.30877066e-01
-8.32581103e-01
-8.34277332e-01
-8.35965693e-01
-8.37646186e-01
-8.39318812e-01
-8.40983450e-01
-8.42640221e-01
-8.44289005e-01
-8.45929921e-01
-8.47562790e-01
-8.49187732e-01
-8.50804627e-01
-8.52413535e-01
-8.54014337e-01
-8.55607152e-01
-8.57191920e-01
-8.58768642e-01
-8.60337257e-01
-8.61897707e-01
-8.63450110e-01
-8.64994347e-01
-8.66530418e-01
-8.68058324e-01
-8.69578004e-01
-8.71089578e-01
-8.72592866e-01
-8.74088049e-01
-8.75574946e-01
-8.77053559e-01
-8.78523946e-01
-8.79985988e-01
-8.81439805e-01
-8.82885277e-01
-8.84322464e-01
-8.85751307e-01
-8.87171805e-01
-8.88583958e-01
-8.89987707e-01
-8.91383111e-01
-8.92770052e-01
-8.94148648e-01
-8.95518780e-01
-8.96880567e-01
-8.98233831e-01
-8.99578631e-01
-9.00914907e-01
-9.02242780e-01
-9.03562069e-01
-9.04872894e-01
-9.06175196e-01
-9.07468975e-01
-9.08754170e-01
-9.10030842e-01
-9.11298931e-01
-9.12558377e-01
-9.13809299e-01
-9.15051579e-01
-9.16285217e-01
-9.17510211e-01
-9.18726623e-01
-9.19934332e-01
-9.21133399e-01
-9.22323823e-01
-9.23505485e-01
-9.24678504e-01
-9.25842762e-01
-9.26998377e-01
-9.28145170e-01
-9.29283261e-01
-9.30412531e-01
-9.31533098e-01
-9.32644844e-01
-9.33747828e-01
-9.34842050e-01
-9.35927451e-01
-9.37004030e-01
-9.38071787e-01
-9.39130664e-01
-9.40180719e-01
-9.41221893e-01
-9.42254245e-01
-9.43277657e-01
-9.44292247e-01
-9.45297897e-01
-9.46294665e-01
-9.47282553e-01
-9.48261440e-01
-9.49231446e-01
-9.50192451e-01
-9.51144576e-01
-9.52087760e-01
-9.53021884e-01
-9.53947067e-01
-9.54863250e-01
-9.55770433e-01
-9.56668615e-01
-9.57557797e-01
-9.58437979e-01
-9.59309101e-01
-9.60171163e-01
-9.61024225e-01
-9.61868227e-01
-9.62703168e-01
-9.63529050e-01
-9.64345813e-01
-9.65153515e-01
-9.65952098e-01
-9.66741621e-01
-9.67521966e-01
-9.68293250e-01
-9.69055355e-01
-9.69808400e-01
-9.70552266e-01
-9.71287012e-01
-9.72012639e-01
-9.72729027e-01
-9.73436296e-01
-9.74134386e-01
-9.74823356e-01
-9.75503087e-01
-9.76173639e-01
-9.76834953e-01
-9.77487147e-01
-9.78130043e-01
-9.78763759e-01
-9.79388297e-01
-9.80003536e-01
-9.80609596e-01
-9.81206357e-01
-9.81793880e-01
-9.82372165e-01
-9.82941210e-01
-9.83501017e-01
-9.84051526e-01
-9.84592795e-01
-9.85124767e-01
-9.85647440e-01
-9.86160874e-01
-9.86665010e-01
-9.87159789e-01
-9.87645328e-01
-9.88121510e-01
-9.88588452e-01
-9.89046037e-01
-9.89494324e-01
-9.89933252e-01
-9.90362883e-01
-9.90783155e-01
-9.91194129e-01
-9.91595745e-01
-9.91988003e-01
-9.92370903e-01
-9.92744446e-01
-9.93108690e-01
-9.93463516e-01
-9.93809044e-01
-9.94145155e-01
-9.94471967e-01
-9.94789362e-01
-9.95097399e-01
-9.95396078e-01
-9.95685339e-01
-9.95965242e-01
-9.96235788e-01
-9.96496916e-01
-9.96748626e-01
-9.96990979e-01
-9.97223973e-01
-9.97447491e-01
-9.97661710e-01
-9.97866452e-01
-9.98061836e-01
-9.98247743e-01
-9.98424351e-01
-9.98591483e-01
-9.98749256e-01
-9.98897552e-01
-9.99036491e-01
-9.99166012e-01
-9.99286056e-01
-9.99396801e-01
-9.99498069e-01
-9.99589860e-01
-9.99672294e-01
-9.99745309e-01
-9.99808967e-01
-9.99863088e-01
-9.99907851e-01
-9.99943137e-01
-9.99969125e-01
-9.99985576e-01
-9.99992609e-01
-9.99990284e-01
-9.99978483e-01
-9.99957323e-01
-9.99926686e-01
-9.99886692e-01
-9.99837220e-01
-9.99778330e-01
-9.99710023e-01
-9.99632299e-01
-9.99545097e-01
-9.99448597e-01
-9.99342620e-01
-9.99227285e-01
-9.99102414e-01
-9.98968244e-01
-9.98824596e-01
-9.98671591e-01
-9.98509109e-01
-9.98337269e-01
-9.98155951e-01
-9.97965336e-01
-9.97765243e-01
-9.97555792e-01
-9.97336924e-01
-9.97108698e-01
-9.96870995e-01
-9.96623993e-01
-9.96367514e-01
-9.96101737e-01
-9.95826483e-01
-9.95541930e-01
-9.95247960e-01
-9.94944572e-01
-9.94631886e-01
-9.94309783e-01
-9.93978322e-01
-9.93637502e-01
-9.93287325e-01
-9.92927790e-01
-9.92558897e-01
-9.92180645e-01
-9.91793036e-01
-9.91396070e-01
-9.90989804e-01
-9.90574181e-01
-9.90149260e-01
-9.89714980e-01
-9.89271343e-01
-9.88818407e-01
-9.88356173e-01
-9.87884581e-01
-9.87403750e-01
-9.86913562e-01
-9.86414075e-01
-9.85905349e-01
-9.85387266e-01
-9.84859943e-01
-9.84323323e-01
-9.83777463e-01
-9.83222306e-01
-9.82657909e-01
-9.82084215e-01
-9.81501281e-01
-9.80909109e-01
-9.80307698e-01
-9.79697049e-01
-9.79077220e-01
-9.78448093e-01
-9.77809787e-01
-9.77162242e-01
-9.76505458e-01
-9.75839555e-01
-9.75164413e-01
-9.74480033e-01
-9.73786592e-01
-9.73083854e-01
-9.72371995e-01
-9.71651018e-01
-9.70920801e-01
-9.70181525e-01
-9.69433069e-01
-9.68675494e-01
-9.67908800e-01
-9.67132986e-01
-9.66348052e-01
-9.65553999e-01
-9.64750826e-01
-9.63938594e-01
-9.63117242e-01
-9.62286830e-01
-9.61447418e-01
-9.60598886e-01
-9.59741294e-01
-9.58874702e-01
-9.57999051e-01
-9.57114398e-01
-9.56220686e-01
-9.55318034e-01
-9.54406321e-01
-9.53485668e-01
-9.52555954e-01
-9.51617301e-01
-9.50669706e-01
-9.49713111e-01
-9.48747635e-01
-9.47773159e-01
-9.46789742e-01
-9.45797443e-01
-9.44796205e-01
-9.43786144e-01
-9.42767143e-01
-9.41739261e-01
-9.40702498e-01
-9.39656854e-01
-9.38602388e-01
-9.37539041e-01
-9.36466873e-01
-9.35385883e-01
-9.34296072e-01
-9.33197498e-01
-9.32090104e-01
-9.30973947e-01
-9.29849029e-01
-9.28715348e-01
-9.27572846e-01
-9.26421702e-01
-9.25261736e-01
-9.24093127e-01
-9.22915757e-01
-9.21729743e-01
-9.20534968e-01
-9.19331610e-01
-9.18119550e-01
-9.16898906e-01
-9.15669560e-01
-9.14431572e-01
-9.13184941e-01
-9.11929786e-01
-9.10665989e-01
-9.09393609e-01
-9.08112645e-01
-9.06823158e-01
-9.05525148e-01
-9.04218614e-01
-9.02903557e-01
-9.01579916e-01
-9.00247872e-01
-8.98907304e-01
-8.97558212e-01
-8.96200716e-01
-8.94834816e-01
-8.93460453e-01
-8.92077684e-01
-8.90686512e-01
-8.89286935e-01
-8.87878954e-01
-8.86462629e-01
-8.85037959e-01
-8.83604944e-01
-8.82163584e-01
-8.80713940e-01
-8.79256010e-01
-8.77789795e-01
-8.76315296e-01
-8.74832571e-01
-8.73341560e-01
-8.71842265e-01
-8.70334864e-01
-8.68819177e-01
-8.67295384e-01
-8.65763366e-01
-8.64223242e-01
-8.62674952e-01
-8.61118555e-01
-8.59553993e-01
-8.57981324e-01
-8.56400609e-01
-8.54811847e-01
-8.53215039e-01
-8.51610184e-01
-8.49997222e-01
-8.48376334e-01
-8.46747398e-01
-8.45110536e-01
-8.43465626e-01
-8.41812849e-01
-8.40152144e-01
-8.38483512e-01
-8.36807013e-01
-8.35122585e-01
-8.33430231e-01
-8.31730068e-01
-8.30022097e-01
-8.28306317e-01
-8.26582730e-01
-8.24851334e-01
-8.23112190e-01
-8.21365237e-01
-8.19610596e-01
-8.17848206e-01
-8.16078186e-01
-8.14300418e-01
-8.12514961e-01
-8.10721815e-01
-8.08921099e-01
-8.07112694e-01
-8.05296719e-01
-8.03473175e-01
-8.01642060e-01
-7.99803436e-01
-7.97957182e-01
-7.96103477e-01
-7.94242203e-01
-7.92373538e-01
-7.90497363e-01
-7.88613796e-01
-7.86722720e-01
-7.84824252e-01
-7.82918334e-01
-7.81005085e-01
-7.79084504e-01
-7.77156591e-01
-7.75221348e-01
-7.73278832e-01
-7.71328926e-01
-7.69371808e-01
-7.67407417e-01
-7.65435874e-01
-7.63457060e-01
-7.61471093e-01
-7.59477913e-01
-7.57477582e-01
-7.55470097e-01
-7.53455520e-01
-7.51433849e-01
-7.49405086e-01
-7.47369230e-01
-7.45326400e-01
-7.43276477e-01
-7.41219640e-01
-7.39155769e-01
-7.37084925e-01
-7.35007167e-01
-7.32922435e-01
-7.30830789e-01
-7.28732288e-01
-7.26626992e-01
-7.24514782e-01
-7.22395778e-01
-7.20269859e-01
-7.18137264e-01
-7.15997875e-01
-7.13851750e-01
-7.11698890e-01
-7.09539354e-01
-7.07373083e-01
-7.05200136e-01
-7.03020573e-01
-7.00834394e-01
-6.98641658e-01
-6.96442246e-01
-6.94236338e-01
-6.92023814e-01
-6.89804852e-01
-6.87579393e-01
-6.85347438e-01
-6.83108985e-01
-6.80864096e-01
-6.78612828e-01
-6.76355183e-01
-6.74091160e-01
-6.71820760e-01
-6.69543982e-01
-6.67260945e-01
-6.64971650e-01
-6.62676096e-01
-6.60374284e-01
-6.58066213e-01
-6.55751944e-01
-6.53431535e-01
-6.51104987e-01
-6.48772240e-01
-6.46433413e-01
-6.44088447e-01
-6.41737461e-01
-6.39380395e-01
-6.37017369e-01
-6.34648323e-01
-6.32273257e-01
-6.29892290e-01
-6.27505362e-01
-6.25112534e-01
-6.22713804e-01
-6.20309174e-01
-6.17898762e-01
-6.15482450e-01
-6.13060415e-01
-6.10632539e-01
-6.08198941e-01
-6.05759621e-01
-6.03314579e-01
-6.00863874e-01
-5.98407567e-01
-5.95945537e-01
-5.93477905e-01
-5.91004670e-01
-5.88525891e-01
-5.86041570e-01
-5.83551705e-01
-5.81056297e-01
-5.78555465e-01
-5.76049209e-01
-5.73537529e-01
-5.71020424e-01
-5.68497896e-01
-5.65970063e-01
-5.63436866e-01
-5.60898423e-01
-5.58354616e-01
-5.55805564e-01
-5.53251326e-01
-5.50691843e-01
-5.48127174e-01
-5.45557380e-01
-5.42982340e-01
-5.40402293e-01
-5.37817121e-01
-5.35226882e-01
-5.32631576e-01
-5.30031264e-01
-5.27425945e-01
-5.24815679e-01
-5.22200465e-01
-5.19580364e-01
-5.16955256e-01
-5.14325380e-01
-5.11690617e-01
-5.09051085e-01
-5.06406724e-01
-5.03757536e-01
-5.01103640e-01
-4.98445064e-01
-4.95781779e-01
-4.93113816e-01
-4.90441203e-01
-4.87763971e-01
-4.85082150e-01
-4.82395738e-01
-4.79704767e-01
-4.77009296e-01
-4.74309355e-01
-4.71604913e-01
-4.68896061e-01
-4.66182768e-01
-4.63465095e-01
-4.60743010e-01
-4.58016634e-01
-4.55285937e-01
-4.52550948e-01
-4.49811697e-01
-4.47068185e-01
-4.44320470e-01
-4.41568553e-01
-4.38812494e-01
-4.36052322e-01
-4.33288008e-01
-4.30519640e-01
-4.27747220e-01
-4.24970746e-01
-4.22190279e-01
-4.19405818e-01
-4.16617423e-01
-4.13825095e-01
-4.11028862e-01
-4.08228785e-01
-4.05424833e-01
-4.02617067e-01
-3.99805516e-01
-3.96990210e-01
-3.94171149e-01
-3.91348362e-01
-3.88521910e-01
-3.85691762e-01
-3.82858008e-01
-3.80020648e-01
-3.77179712e-01
-3.74335200e-01
-3.71487170e-01
-3.68635654e-01
-3.65780652e-01
-3.62922221e-01
-3.60060334e-01
-3.57195079e-01
-3.54326457e-01
-3.51454496e-01
-3.48579228e-01
-3.45700681e-01
-3.42818856e-01
-3.39933813e-01
-3.37045580e-01
-3.34154159e-01
-3.31259578e-01
-3.28361899e-01
-3.25461119e-01
-3.22557271e-01
-3.19650352e-01
-3.16740453e-01
-3.13827574e-01
-3.10911745e-01
-3.07992965e-01
-3.05071294e-01
-3.02146733e-01
-2.99219340e-01
-2.96289116e-01
-2.93356121e-01
-2.90420353e-01
-2.87481844e-01
-2.84540653e-01
-2.81596750e-01
-2.78650194e-01
-2.75701016e-01
-2.72749275e-01
-2.69794911e-01
-2.66838044e-01
-2.63878644e-01
-2.60916770e-01
-2.57952422e-01
-2.54985631e-01
-2.52016455e-01
-2.49044910e-01
-2.46071026e-01
-2.43094817e-01
-2.40116313e-01
-2.37135544e-01
-2.34152555e-01
-2.31167361e-01
-2.28179976e-01
-2.25190446e-01
-2.22198784e-01
-2.19205037e-01
-2.16209218e-01
-2.13211372e-01
-2.10211515e-01
-2.07209677e-01
-2.04205871e-01
-2.01200157e-01
-1.98192552e-01
-1.95183069e-01
-1.92171752e-01
-1.89158633e-01
-1.86143726e-01
-1.83127061e-01
-1.80108666e-01
-1.77088574e-01
-1.74066812e-01
-1.71043426e-01
-1.68018430e-01
-1.64991841e-01
-1.61963701e-01
-1.58934027e-01
-1.55902863e-01
-1.52870223e-01
-1.49836138e-01
-1.46800652e-01
-1.43763781e-01
-1.40725553e-01
-1.37686014e-01
-1.34645149e-01
-1.31603032e-01
-1.28559679e-01
-1.25515103e-01
-1.22469358e-01
-1.19422458e-01
-1.16374433e-01
-1.13325305e-01
-1.10275112e-01
-1.07223876e-01
-1.04171634e-01
-1.01118408e-01
-9.80642363e-02
-9.50091332e-02
-9.19531360e-02
-8.88962746e-02
-8.58385786e-02
-8.27800706e-02
-7.97207803e-02
-7.66607374e-02
-7.35999718e-02
-7.05385134e-02
-6.74763992e-02
-6.44136444e-02
-6.13502823e-02
-5.82863390e-02
-5.52218482e-02
-5.21568395e-02
-4.90913391e-02
-4.60253730e-02
-4.29589748e-02
-3.98921706e-02
-3.68249938e-02
-3.37574668e-02
-3.06896251e-02
-2.76214927e-02
-2.45531015e-02
-2.14844774e-02
-1.84156504e-02
-1.53466221e-02
-1.22788101e-02
-9.18973330e-03
-6.18743990e-03
-3.43201193e-03
-1.08994322e-03
1.08994322e-03
3.43201193e-03
