-3.68584832e-03
-1.19971286e-03
1.19971286e-03
3.68584832e-03
6.37306832e-03
9.26382933e-03
1.22800274e-02
1.53440647e-02
1.84150171e-02
2.14844290e-02
2.45528501e-02
2.76212394e-02
3.06893475e-02
3.37571688e-02
3.68246734e-02
3.98918316e-02
4.29586135e-02
4.60249893e-02
4.90909331e-02
5.21564111e-02
5.52213974e-02
5.82858659e-02
6.13497868e-02
6.44131303e-02
6.74758628e-02
7.05379620e-02
7.35993981e-02
7.66601413e-02
7.97201619e-02
8.27794299e-02
8.58379155e-02
8.88955891e-02
9.19524282e-02
9.50084031e-02
9.80634838e-02
1.01117633e-01
1.04170837e-01
1.07223056e-01
1.10274270e-01
1.13324441e-01
1.16373546e-01
1.19421557e-01
1.22468442e-01
1.25514165e-01
1.28558710e-01
1.31602049e-01
1.34644151e-01
1.37684971e-01
1.40724510e-01
1.43762708e-01
1.46799564e-01
1.49835035e-01
1.52869090e-01
1.55901700e-01
1.58932850e-01
1.61962494e-01
1.64990619e-01
1.68017194e-01
1.71042174e-01
1.74065545e-01
1.77087277e-01
1.80107340e-01
1.83125705e-01
1.86142340e-01
1.89157233e-01
1.92170337e-01
1.95181623e-01
1.98191091e-01
2.01198682e-01
2.04204381e-01
2.07208157e-01
2.10209966e-01
2.13209808e-01
2.16207638e-01
2.19203427e-01
2.22197160e-01
2.25188792e-01
2.28178307e-01
2.31165662e-01
2.34150842e-01
2.37133816e-01
2.40114570e-01
2.43093044e-01
2.46069238e-01
2.49043107e-01
2.52014637e-01
2.54983783e-01
2.57950544e-01
2.60914862e-01
2.63876736e-01
2.66836107e-01
2.69792974e-01
2.72747278e-01
2.75699019e-01
2.78648168e-01
2.81594694e-01
2.84538567e-01
2.87479758e-01
2.90418237e-01
2.93353975e-01
2.96286970e-01
2.99217165e-01
3.02144557e-01
3.05069059e-01
3.07990730e-01
3.10909480e-01
3.13825309e-01
3.16738158e-01
3.19648027e-01
3.22554916e-01
3.25458735e-01
3.28359514e-01
3.31257194e-01
3.34151715e-01
3.37043136e-01
3.39931339e-01
3.42816383e-01
3.45698178e-01
3.48576725e-01
3.51451963e-01
3.54323894e-01
3.57192516e-01
3.60057741e-01
3.62919599e-01
3.65777999e-01
3.68633002e-01
3.71484488e-01
3.74332517e-01
3.77176970e-01
3.80017906e-01
3.82855266e-01
3.85688990e-01
3.88519108e-01
3.91345531e-01
3.94168288e-01
3.96987319e-01
3.99802655e-01
4.02614176e-01
4.05421913e-01
4.08225834e-01
4.11025912e-01
4.13822114e-01
4.16614413e-01
4.19402808e-01
4.22187239e-01
4.24967706e-01
4.27744150e-01
4.30516571e-01
4.33284909e-01
4.36049193e-01
4.38809365e-01
4.41565394e-01
4.44317281e-01
4.47064966e-01
4.49808419e-01
4.52547669e-01
4.55282658e-01
4.58013356e-01
4.60739702e-01
4.63461757e-01
4.66179401e-01
4.68892694e-01
4.71601546e-01
4.74305958e-01
4.77005899e-01
4.79701340e-01
4.82392281e-01
4.85078663e-01
4.87760484e-01
4.90437686e-01
4.93110269e-01
4.95778233e-01
4.98441488e-01
5.01100063e-01
5.03753960e-01
5.06403089e-01
5.09047449e-01
5.11686981e-01
5.14321685e-01
5.16951561e-01
5.19576609e-01
5.22196770e-01
5.24811924e-01
5.27422190e-01
5.30027449e-01
5.32627761e-01
5.35223007e-01
5.37813246e-01
5.40398359e-01
5.42978466e-01
5.45553446e-01
5.48123300e-01
5.50687909e-01
5.53247392e-01
5.55801630e-01
5.58350682e-01
5.60894430e-01
5.63432872e-01
5.65966010e-01
5.68493843e-01
5.71016312e-01
5.73533416e-01
5.76045036e-01
5.78551292e-01
5.81052125e-01
5.83547473e-01
5.86037338e-01
5.88521600e-01
5.91000378e-01
5.93473554e-01
5.95941246e-01
5.98403215e-01
6.00859582e-01
6.03310227e-01
6.05755270e-01
6.08194649e-01
6.10628247e-01
6.13056064e-01
6.15478098e-01
6.17894351e-01
6.20304763e-01
6.22709394e-01
6.25108063e-01
6.27500892e-01
6.29887760e-01
6.32268786e-01
6.34643793e-01
6.37012839e-01
6.39375865e-01
6.41732872e-01
6.44083858e-01
6.46428764e-01
6.48767591e-01
6.51100278e-01
6.53426826e-01
6.55747235e-01
6.58061504e-01
6.60369575e-01
6.62671387e-01
6.64966941e-01
6.67256176e-01
6.69539213e-01
6.71815932e-01
6.74086332e-01
6.76350296e-01
6.78607941e-01
6.80859208e-01
6.83104098e-01
6.85342550e-01
6.87574506e-01
6.89799964e-01
6.92018926e-01
6.94231331e-01
6.96437299e-01
6.98636651e-01
7.00829446e-01
7.03015566e-01
7.05195129e-01
7.07368016e-01
7.09534287e-01
7.11693883e-01
7.13846684e-01
7.15992808e-01
7.18132138e-01
7.20264792e-01
7.22390592e-01
7.24509656e-01
7.26621807e-01
7.28727162e-01
7.30825603e-01
7.32917190e-01
7.35001922e-01
7.37079680e-01
7.39150465e-01
7.41214335e-01
7.43271172e-01
7.45321095e-01
7.47363925e-01
7.49399781e-01
7.51428485e-01
7.53450155e-01
7.55464673e-01
7.57472157e-01
7.59472489e-01
7.61465669e-01
7.63451636e-01
7.65430391e-01
7.67401934e-01
7.69366324e-01
7.71323442e-01
7.73273289e-01
7.75215864e-01
7.77151048e-01
7.79078960e-01
7.80999541e-01
7.82912791e-01
7.84818649e-01
7.86717117e-01
7.88608134e-01
7.90491700e-01
7.92367876e-01
7.94236541e-01
7.96097815e-01
7.97951519e-01
7.99797773e-01
8.01636398e-01
8.03467512e-01
8.05290997e-01
8.07106972e-01
8.08915317e-01
8.10716093e-01
8.12509179e-01
8.14294577e-01
8.16072345e-01
8.17842364e-01
8.19604754e-01
8.21359396e-01
8.23106349e-01
8.24845493e-01
8.26576889e-01
8.28300416e-01
8.30016196e-01
8.31724167e-01
8.33424330e-01
8.35116625e-01
8.36801052e-01
8.38477612e-01
8.40146244e-01
8.41806889e-01
8.43459666e-01
8.45104456e-01
8.46741378e-01
8.48370254e-01
8.49991202e-01
8.51604104e-01
8.53208959e-01
8.54805768e-01
8.56394529e-01
8.57975245e-01
8.59547853e-01
8.61112416e-01
8.62668872e-01
8.64217162e-01
8.65757287e-01
8.67289245e-01
8.68813038e-01
8.70328665e-01
8.71836126e-01
8.73335361e-01
8.74826372e-01
8.76309097e-01
8.77783597e-01
8.79249752e-01
8.80707681e-01
8.82157326e-01
8.83598685e-01
8.85031700e-01
8.86456370e-01
8.87872696e-01
8.89280677e-01
8.90680254e-01
8.92071366e-01
8.93454134e-01
8.94828439e-01
8.96194398e-01
8.97551835e-01
8.98900926e-01
9.00241494e-01
9.01573598e-01
9.02897120e-01
9.04212177e-01
9.05518711e-01
9.06816721e-01
9.08106208e-01
9.09387112e-01
9.10659492e-01
9.11923289e-01
9.13178504e-01
9.14425075e-01
9.15663004e-01
9.16892350e-01
9.18112993e-01
9.19325054e-01
9.20528412e-01
9.21723187e-01
9.22909200e-01
9.24086571e-01
9.25255239e-01
9.26415145e-01
9.27566350e-01
9.28708732e-01
9.29842412e-01
9.30967271e-01
9.32083428e-01
9.33190823e-01
9.34289455e-01
9.35379267e-01
9.36460257e-01
9.37532425e-01
9.38595712e-01
9.39650238e-01
9.40695822e-01
9.41732585e-01
9.42760408e-01
9.43779409e-01
9.44789469e-01
9.45790708e-01
9.46783006e-01
9.47766423e-01
9.48740900e-01
9.49706435e-01
9.50662971e-01
9.51610625e-01
9.52549279e-01
9.53478932e-01
9.54399586e-01
9.55311239e-01
9.56213892e-01
9.57107544e-01
9.57992196e-01
9.58867848e-01
9.59734499e-01
9.60592031e-01
9.61440563e-01
9.62280035e-01
9.63110447e-01
9.63931739e-01
9.64743972e-01
9.65547144e-01
9.66341197e-01
9.67126131e-01
9.67901945e-01
9.68668640e-01
9.69426215e-01
9.70174611e-01
9.70913947e-01
9.71644104e-01
9.72365081e-01
9.73076940e-01
9.73779619e-01
9.74473178e-01
9.75157499e-01
9.75832641e-01
9.76498604e-01
9.77155328e-01
9.77802873e-01
9.78441179e-01
9.79070306e-01
9.79690135e-01
9.80300784e-01
9.80902135e-01
9.81494308e-01
9.82077241e-01
9.82650936e-01
9.83215332e-01
9.83770490e-01
9.84316349e-01
9.84852970e-01
9.85380292e-01
9.85898376e-01
9.86407101e-01
9.86906588e-01
9.87396777e-01
9.87877607e-01
9.88349199e-01
9.88811433e-01
9.89264369e-01
9.89707947e-01
9.90142226e-01
9.90567207e-01
9.90982831e-01
9.91389096e-01
9.91786063e-01
9.92173672e-01
9.92551923e-01
9.92920816e-01
9.93280351e-01
9.93630469e-01
9.93971288e-01
9.94302690e-01
9.94624794e-01
9.94937479e-01
9.95240867e-01
9.95534837e-01
9.95819449e-01
9.96094644e-01
9.96360481e-01
9.96616900e-01
9.96863961e-01
9.97101605e-01
9.97329891e-01
9.97548699e-01
9.97758210e-01
9.97958243e-01
9.98148918e-01
9.98330176e-01
9.98502016e-01
9.98664498e-01
9.98817503e-01
9.98961151e-01
9.99095380e-01
9.99220192e-01
9.99335587e-01
9.99441504e-01
9.99538064e-01
9.99625206e-01
9.99702990e-01
9.99771297e-01
9.99830186e-01
9.99879599e-01
9.99919653e-01
9.99950230e-01
9.99971449e-01
9.99983191e-01
9.99985576e-01
9.99978542e-01
9.99962032e-01
9.99936104e-01
9.99900758e-01
9.99856055e-01
9.99801874e-01
9.99738276e-01
9.99665260e-01
9.99582827e-01
9.99490917e-01
9.99389708e-01
9.99279022e-01
9.99158978e-01
9.99029458e-01
9.98890519e-01
9.98742163e-01
9.98584449e-01
9.98417258e-01
9.98240709e-01
9.98054743e-01
9.97859418e-01
9.97654617e-01
9.97440457e-01
9.97216940e-01
9.96983945e-01
9.96741593e-01
9.96489882e-01
9.96228695e-01
9.95958209e-01
9.95678306e-01
9.95389044e-01
9.95090365e-01
9.94782329e-01
9.94464934e-01
9.94138122e-01
9.93802011e-01
9.93456483e-01
9.93101656e-01
9.92737472e-01
9.92363930e-01
9.91981030e-01
9.91588771e-01
9.91187155e-01
9.90776181e-01
9.90355909e-01
9.89926279e-01
9.89487350e-01
9.89039063e-01
9.88581479e-01
9.88114595e-01
9.87638354e-01
9.87152815e-01
9.86658037e-01
9.86153901e-01
9.85640466e-01
9.85117793e-01
9.84585822e-01
9.84044552e-01
9.83494043e-01
9.82934237e-01
9.82365191e-01
9.81786907e-01
9.81199384e-01
9.80602622e-01
9.79996622e-01
9.79381382e-01
9.78756905e-01
9.78123188e-01
9.77480233e-01
9.76828098e-01
9.76166785e-01
9.75496233e-01
9.74816501e-01
9.74127531e-01
9.73429441e-01
9.72722173e-01
9.72005725e-01
9.71280158e-01
9.70545411e-01
9.69801545e-01
9.69048500e-01
9.68286395e-01
9.67515111e-01
9.66734767e-01
9.65945303e-01
9.65146720e-01
9.64339018e-01
9.63522255e-01
9.62696373e-01
9.61861432e-01
9.61017430e-01
9.60164428e-01
9.59302306e-01
9.58431184e-01
9.57551003e-01
9.56661820e-01
9.55763698e-01
9.54856515e-01
9.53940392e-01
9.53015208e-01
9.52081084e-01
9.51137900e-01
9.50185835e-01
9.49224770e-01
9.48254764e-01
9.47275817e-01
9.46287990e-01
9.45291221e-01
9.44285572e-01
9.43271041e-01
9.42247629e-01
9.41215336e-01
9.40174162e-01
9.39124107e-01
9.38065171e-01
9.36997414e-01
9.35920835e-01
9.34835434e-01
9.33741271e-01
9.32638288e-01
9.31526542e-01
9.30406034e-01
9.29276705e-01
9.28138673e-01
9.26991820e-01
9.25836265e-01
9.24672008e-01
9.23498988e-01
9.22317326e-01
9.21126902e-01
9.19927835e-01
9.18720126e-01
9.17503774e-01
9.16278780e-01
9.15045142e-01
9.13802862e-01
9.12551999e-01
9.11292493e-01
9.10024405e-01
9.08747733e-01
9.07462537e-01
9.06168818e-01
9.04866576e-01
9.03555751e-01
9.02236462e-01
9.00908589e-01
8.99572313e-01
8.98227453e-01
8.96874189e-01
8.95512462e-01
8.94142330e-01
8.92763793e-01
8.91376853e-01
8.89981508e-01
8.88577759e-01
8.87165606e-01
8.85745108e-01
8.84316206e-01
8.82879019e-01
8.81433547e-01
8.79979789e-01
8.78517747e-01
8.77047420e-01
8.75568807e-01
8.74081910e-01
8.72586787e-01
8.71083438e-01
8.69571865e-01
8.68052185e-01
8.66524279e-01
8.64988267e-01
8.63444030e-01
8.61891687e-01
8.60331178e-01
8.58762562e-01
8.57185900e-01
8.55601192e-01
8.54008377e-01
8.52407575e-01
8.50798666e-01
8.49181771e-01
8.47556829e-01
8.45923960e-01
8.44283044e-01
8.42634261e-01
8.40977550e-01
8.39312911e-01
8.37640345e-01
8.35959852e-01
8.34271491e-01
8.32575262e-01
8.30871224e-01
8.29159379e-01
8.27439725e-01
8.25712204e-01
8.23976934e-01
8.22233856e-01
8.20483088e-01
8.18724573e-01
8.16958368e-01
8.15184474e-01
8.13402891e-01
8.11613619e-01
8.09816658e-01
8.08012128e-01
8.06199968e-01
8.04380238e-01
8.02552938e-01
8.00718069e-01
7.98875630e-01
7.97025621e-01
7.95168161e-01
7.93303192e-01
7.91430771e-01
7.89550900e-01
7.87663579e-01
7.85768807e-01
7.83866644e-01
7.81957090e-01
7.80040205e-01
7.78115988e-01
7.76184440e-01
7.74245501e-01
7.72299290e-01
7.70345747e-01
7.68385053e-01
7.66417086e-01
7.64441967e-01
7.62459576e-01
7.60469973e-01
7.58473217e-01
7.56469309e-01
7.54458308e-01
7.52440214e-01
7.50415027e-01
7.48382747e-01
7.46343434e-01
7.44297028e-01
7.42243707e-01
7.40183353e-01
7.38116026e-01
7.36041725e-01
7.33960450e-01
7.31872261e-01
7.29777217e-01
7.27675319e-01
7.25566566e-01
7.23451018e-01
7.21328557e-01
7.19199300e-01
7.17063308e-01
7.14920580e-01
7.12771118e-01
7.10614920e-01
7.08451986e-01
7.06282377e-01
7.04106152e-01
7.01923311e-01
6.99733853e-01
6.97537839e-01
6.95335150e-01
6.93125963e-01
6.90910220e-01
6.88688040e-01
6.86459303e-01
6.84224129e-01
6.81982458e-01
6.79734409e-01
6.77479982e-01
6.75219178e-01
6.72951996e-01
6.70678377e-01
6.68398499e-01
6.66112304e-01
6.63819909e-01
6.61521256e-01
6.59216344e-01
6.56905174e-01
6.54587865e-01
6.52264357e-01
6.49934769e-01
6.47598982e-01
6.45257115e-01
6.42909110e-01
6.40555143e-01
6.38195097e-01
6.35829091e-01
6.33457065e-01
6.31079018e-01
6.28695071e-01
6.26305223e-01
6.23909473e-01
6.21507823e-01
6.19100273e-01
6.16686940e-01
6.14267766e-01
6.11842871e-01
6.09412134e-01
6.06975675e-01
6.04533494e-01
6.02085650e-01
5.99632144e-01
5.97172976e-01
5.94708145e-01
5.92237711e-01
5.89761734e-01
5.87280214e-01
5.84793150e-01
5.82300544e-01
5.79802454e-01
5.77298939e-01
5.74790001e-01
5.72275579e-01
5.69755793e-01
5.67230582e-01
5.64700127e-01
5.62164307e-01
5.59623241e-01
5.57076812e-01
5.54525137e-01
5.51968277e-01
5.49406230e-01
5.46839058e-01
5.44266641e-01
5.41689098e-01
5.39106488e-01
5.36518812e-01
5.33926070e-01
5.31328261e-01
5.28725445e-01
5.26117682e-01
5.23504972e-01
5.20887315e-01
5.18264711e-01
5.15637219e-01
5.13004959e-01
5.10367811e-01
5.07725894e-01
5.05079150e-01
5.02427638e-01
4.99771386e-01
4.97110456e-01
4.94444847e-01
4.91774589e-01
4.89099681e-01
4.86420155e-01
4.83736038e-01
4.81047392e-01
4.78354216e-01
4.75656509e-01
4.72954333e-01
4.70247686e-01
4.67536628e-01
4.64821160e-01
4.62101310e-01
4.59377080e-01
4.56648558e-01
4.53915715e-01
4.51178610e-01
4.48437244e-01
4.45691645e-01
4.42941874e-01
4.40187931e-01
4.37429816e-01
4.34667587e-01
4.31901246e-01
4.29130882e-01
4.26356435e-01
4.23577994e-01
4.20795530e-01
4.18009132e-01
4.15218800e-01
4.12424535e-01
4.09626395e-01
4.06824380e-01
4.04018551e-01
4.01208907e-01
3.98395479e-01
3.95578295e-01
3.92757416e-01
3.89932811e-01
3.87104541e-01
3.84272605e-01
3.81437063e-01
3.78597915e-01
3.75755221e-01
3.72908980e-01
3.70059192e-01
3.67205948e-01
3.64349246e-01
3.61489117e-01
3.58625561e-01
3.55758637e-01
3.52888376e-01
3.50014776e-01
3.47137868e-01
3.44257712e-01
3.41374308e-01
3.38487685e-01
3.35597843e-01
3.32704872e-01
3.29808772e-01
3.26909542e-01
3.24007243e-01
3.21101874e-01
3.18193495e-01
3.15282136e-01
3.12367797e-01
3.09450507e-01
3.06530297e-01
3.03607196e-01
3.00681263e-01
2.97752470e-01
2.94820875e-01
2.91886508e-01
2.88949370e-01
2.86009550e-01
2.83066988e-01
2.80121803e-01
2.77173936e-01
2.74223477e-01
2.71270454e-01
2.68314868e-01
2.65356749e-01
2.62396127e-01
2.59433031e-01
2.56467491e-01
2.53499538e-01
2.50529200e-01
2.47556493e-01
2.44581461e-01
2.41604120e-01
2.38624513e-01
2.35642642e-01
2.32658550e-01
2.29672268e-01
2.26683840e-01
2.23693252e-01
2.20700577e-01
2.17705816e-01
2.14708999e-01
2.11710155e-01
2.08709329e-01
2.05706537e-01
2.02701807e-01
1.99695170e-01
1.96686640e-01
1.93676263e-01
1.90664053e-01
1.87650055e-01
1.84634283e-01
1.81616768e-01
1.78597540e-01
1.75576642e-01
1.72554091e-01
1.69529900e-01
1.66504115e-01
1.63476765e-01
1.60447881e-01
1.57417476e-01
1.54385597e-01
1.51352257e-01
1.48317486e-01
1.45281330e-01
1.42243803e-01
1.39204934e-01
1.36164755e-01
1.33123294e-01
1.30080581e-01
1.27036631e-01
1.23991489e-01
1.20945178e-01
1.17897727e-01
1.14849165e-01
1.11799516e-01
1.08748823e-01
1.05697103e-01
1.02644391e-01
9.95907038e-02
9.65360850e-02
9.34805572e-02
9.04241502e-02
8.73668864e-02
8.43088031e-02
8.12499151e-02
7.81902671e-02
7.51298815e-02
7.20687881e-02
6.90070167e-02
6.59445971e-02
6.28815591e-02
5.98179251e-02
5.67537285e-02
5.36889993e-02
5.06237596e-02
4.75580469e-02
4.44918834e-02
4.14253026e-02
3.83583307e-02
3.52909938e-02
3.22233289e-02
2.91553587e-02
2.60871146e-02
2.30186246e-02
1.99499168e-02
1.68810207e-02
1.38119673e-02
1.07427835e-02
7.67349731e-03
4.60413937e-03
1.53473776e-03
-1.53467816e-03
-4.60407976e-03
-7.67343771e-03
-1.07427239e-02
-1.38119077e-02
-1.68809611e-02
-1.99498571e-02
-2.30185650e-02
-2.60870550e-02
-2.91552991e-02
-3.22232693e-02
-3.52909341e-02
-3.83582711e-02
-4.14252430e-02
-4.44918238e-02
-4.75579873e-02
-5.06237000e-02
-5.36889397e-02
-5.67536689e-02
-5.98178655e-02
-6.28814995e-02
-6.59445375e-02
-6.90069571e-02
-7.20687285e-02
-7.51298219e-02
-7.81902075e-02
-8.12498555e-02
-8.43087435e-02
-8.73668268e-02
-9.04240906e-02
-9.34804976e-02
-9.65360254e-02
-9.95906442e-02
-1.02644332e-01
-1.05697043e-01
-1.08748764e-01
-1.11799456e-01
-1.14849105e-01
-1.17897667e-01
-1.20945118e-01
-1.23991430e-01
-1.27036572e-01
-1.30080521e-01
-1.33123234e-01
-1.36164695e-01
-1.39204875e-01
-1.42243743e-01
-1.45281270e-01
-1.48317426e-01
-1.51352197e-01
-1.54385537e-01
-1.57417417e-01
-1.60447821e-01
-1.63476706e-01
-1.66504055e-01
-1.69529840e-01
-1.72554031e-01
-1.75576583e-01
-1.78597480e-01
-1.81616709e-01
-1.84634224e-01
-1.87649995e-01
-1.90663993e-01
-1.93676203e-01
-1.96686581e-01
-1.99695110e-01
-2.02701747e-01
-2.05706477e-01
-2.08709270e-01
-2.11710095e-01
-2.14708939e-01
-2.17705756e-01
-2.20700517e-01
-2.23693207e-01
-2.26683781e-01
-2.29672223e-01
-2.32658491e-01
-2.35642582e-01
-2.38624454e-01
-2.41604075e-01
-2.44581401e-01
-2.47556433e-01
-2.50529140e-01
-2.53499478e-01
-2.56467432e-01
-2.59432971e-01
-2.62396067e-01
-2.65356690e-01
-2.68314809e-01
-2.71270394e-01
-2.74223417e-01
-2.77173877e-01
-2.80121744e-01
-2.83066928e-01
-2.86009490e-01
-2.88949311e-01
-2.91886449e-01
-2.94820815e-01
-2.97752410e-01
-3.00681204e-01
-3.03607136e-01
-3.06530237e-01
-3.09450448e-01
-3.12367737e-01
-3.15282077e-01
-3.18193465e-01
-3.21101844e-01
-3.24007183e-01
-3.26909482e-01
-3.29808712e-01
-3.32704812e-01
-3.35597783e-01
-3.38487625e-01
-3.41374248e-01
-3.44257653e-01
-3.47137809e-01
-3.50014716e-01
-3.52888316e-01
-3.55758578e-01
-3.58625501e-01
-3.61489058e-01
-3.64349216e-01
-3.67205918e-01
-3.70059162e-01
-3.72908890e-01
-3.75755161e-01
-3.78597856e-01
-3.81437004e-01
-3.84272546e-01
-3.87104481e-01
-3.89932752e-01
-3.92757356e-01
-3.95578235e-01
-3.98395419e-01
-4.01208848e-01
-4.04018492e-01
-4.06824350e-01
-4.09626335e-01
-4.12424505e-01
-4.15218741e-01
-4.18009102e-01
-4.20795500e-01
-4.23577935e-01
-4.26356375e-01
-4.29130822e-01
-4.31901217e-01
-4.34667528e-01
-4.37429786e-01
-4.40187871e-01
-4.42941844e-01
-4.45691615e-01
-4.48437184e-01
-4.51178581e-01
-4.53915685e-01
-4.56648499e-01
-4.59377021e-01
-4.62101251e-01
-4.64821100e-01
-4.67536569e-01
-4.70247656e-01
-4.72954273e-01
-4.75656480e-01
-4.78354156e-01
-4.81047362e-01
-4.83736008e-01
-4.86420095e-01
-4.89099622e-01
-4.91774529e-01
-4.94444817e-01
-4.97110426e-01
-4.99771357e-01
-5.02427578e-01
-5.05079091e-01
-5.07725835e-01
-5.10367751e-01
-5.13004899e-01
-5.15637159e-01
-5.18264651e-01
-5.20887256e-01
-5.23504913e-01
-5.26117623e-01
-5.28725386e-01
-5.31328201e-01
-5.33926010e-01
-5.36518753e-01
-5.39106429e-01
-5.41689038e-01
-5.44266582e-01
-5.46838999e-01
-5.49406171e-01
-5.51968217e-01
-5.54525077e-01
-5.57076752e-01
-5.59623182e-01
-5.62164247e-01
-5.64700067e-01
-5.67230523e-01
-5.69755733e-01
-5.72275519e-01
-5.74789941e-01
-5.77298880e-01
-5.79802394e-01
-5.82300484e-01
-5.84793091e-01
-5.87280154e-01
-5.89761674e-01
-5.92237651e-01
-5.94708085e-01
-5.97172976e-01
-5.99632144e-01
-6.02085650e-01
-6.04533494e-01
-6.06975675e-01
-6.09412134e-01
-6.11842811e-01
-6.14267707e-01
-6.16686821e-01
-6.19100213e-01
-6.21507764e-01
-6.23909414e-01
-6.26305163e-01
-6.28695011e-01
-6.31078959e-01
-6.33457005e-01
-6.35829031e-01
-6.38195097e-01
-6.40555084e-01
-6.42909110e-01
-6.45257056e-01
-6.47598982e-01
-6.49934709e-01
-6.52264357e-01
-6.54587805e-01
-6.56905115e-01
-6.59216285e-01
-6.61521196e-01
-6.63819849e-01
-6.66112304e-01
-6.68398440e-01
-6.70678377e-01
-6.72951937e-01
-6.75219178e-01
-6.77479982e-01
-6.79734409e-01
-6.81982458e-01
-6.84224129e-01
-6.86459303e-01
-6.88687980e-01
-6.90910220e-01
-6.93125904e-01
-6.95335150e-01
-6.97537780e-01
-6.99733853e-01
-7.01923311e-01
-7.04106152e-01
-7.06282377e-01
-7.08451986e-01
-7.10614860e-01
-7.12771058e-01
-7.14920521e-01
-7.17063248e-01
-7.19199240e-01
-7.21328497e-01
-7.23450959e-01
-7.25566566e-01
-7.27675319e-01
-7.29777217e-01
-7.31872261e-01
-7.33960390e-01
-7.36041665e-01
-7.38115966e-01
-7.40183294e-01
-7.42243648e-01
-7.44297028e-01
-7.46343374e-01
-7.48382747e-01
-7.50415027e-01
-7.52440214e-01
-7.54458308e-01
-7.56469309e-01
-7.58473217e-01
-7.60469973e-01
-7.62459576e-01
-7.64441967e-01
-7.66417086e-01
-7.68385053e-01
-7.70345747e-01
-7.72299290e-01
-7.74245501e-01
-7.76184380e-01
-7.78115988e-01
-7.80040205e-01
-7.81957090e-01
-7.83866644e-01
-7.85768807e-01
-7.87663579e-01
-7.89550900e-01
-7.91430771e-01
-7.93303192e-01
-7.95168102e-01
-7.97025621e-01
-7.98875570e-01
-8.00718009e-01
-8.02552879e-01
-8.04380178e-01
-8.06199908e-01
-8.08012068e-01
-8.09816658e-01
-8.11613560e-01
-8.13402832e-01
-8.15184414e-01
-8.16958308e-01
-8.18724513e-01
-8.20483029e-01
-8.22233856e-01
-8.23976874e-01
-8.25712204e-01
-8.27439666e-01
-8.29159319e-01
-8.30871165e-01
-8.32575202e-01
-8.34271431e-01
-8.35959792e-01
-8.37640285e-01
-8.39312851e-01
-8.40977490e-01
-8.42634201e-01
-8.44283044e-01
-8.45923901e-01
-8.47556829e-01
-8.49181712e-01
-8.50798666e-01
-8.52407515e-01
-8.54008377e-01
-8.55601132e-01
-8.57185900e-01
-8.58762562e-01
-8.60331178e-01
-8.61891627e-01
-8.63444030e-01
-8.64988208e-01
-8.66524279e-01
-8.68052125e-01
-8.69571865e-01
-8.71083379e-01
-8.72586727e-01
-8.74081850e-01
-8.75568748e-01
-8.77047420e-01
-8.78517747e-01
-8.79979789e-01
-8.81433547e-01
-8.82879019e-01
-8.84316206e-01
-8.85745049e-01
-8.87165546e-01
-8.88577700e-01
-8.89981449e-01
-8.91376793e-01
-8.92763734e-01
-8.94142270e-01
-8.95512462e-01
-8.96874189e-01
-8.98227513e-01
-8.99572253e-01
-9.00908589e-01
-9.02236402e-01
-9.03555751e-01
-9.04866517e-01
-9.06168818e-01
-9.07462537e-01
-9.08747733e-01
-9.10024405e-01
-9.11292493e-01
-9.12551939e-01
-9.13802862e-01
-9.15045142e-01
-9.16278780e-01
-9.17503774e-01
-9.18720126e-01
-9.19927835e-01
-9.21126902e-01
-9.22317266e-01
-9.23498988e-01
-9.24671948e-01
-9.25836265e-01
-9.26991820e-01
-9.28138673e-01
-9.29276705e-01
-9.30405974e-01
-9.31526482e-01
-9.32638228e-01
-9.33741212e-01
-9.34835434e-01
-9.35920835e-01
-9.36997414e-01
-9.38065171e-01
-9.39124048e-01
-9.40174103e-01
-9.41215277e-01
-9.42247570e-01
-9.43270981e-01
-9.44285512e-01
-9.45291221e-01
-9.46287990e-01
-9.47275817e-01
-9.48254764e-01
-9.49224710e-01
-9.50185776e-01
-9.51137900e-01
-9.52081025e-01
-9.53015208e-01
-9.53940332e-01
-9.54856515e-01
-9.55763638e-01
-9.56661820e-01
-9.57551003e-01
-9.58431184e-01
-9.59302306e-01
-9.60164368e-01
-9.61017430e-01
-9.61861432e-01
-9.62696373e-01
-9.63522255e-01
-9.64339018e-01
-9.65146720e-01
-9.65945303e-01
-9.66734767e-01
-9.67515111e-01
-9.68286335e-01
-9.69048500e-01
-9.69801486e-01
-9.70545411e-01
-9.71280158e-01
-9.72005725e-01
-9.72722173e-01
-9.73429382e-01
-9.74127531e-01
-9.74816442e-01
-9.75496233e-01
-9.76166725e-01
-9.76828098e-01
-9.77480233e-01
-9.78123188e-01
-9.78756905e-01
-9.79381382e-01
-9.79996622e-01
-9.80602622e-01
-9.81199384e-01
-9.81786907e-01
-9.82365191e-01
-9.82934237e-01
-9.83494043e-01
-9.84044552e-01
-9.84585822e-01
-9.85117793e-01
-9.85640466e-01
-9.86153901e-01
-9.86658037e-01
-9.87152815e-01
-9.87638354e-01
-9.88114536e-01
-9.88581479e-01
-9.89039063e-01
-9.89487350e-01
-9.89926279e-01
-9.90355909e-01
-9.90776181e-01
-9.91187155e-01
-9.91588771e-01
-9.91981030e-01
-9.92363930e-01
-9.92737472e-01
-9.93101656e-01
-9.93456483e-01
-9.93801951e-01
-9.94138122e-01
-9.94464874e-01
-9.94782329e-01
-9.95090365e-01
-9.95388985e-01
-9.95678306e-01
-9.95958209e-01
-9.96228695e-01
-9.96489823e-01
-9.96741593e-01
-9.96983945e-01
-9.97216880e-01
-9.97440457e-01
-9.97654617e-01
-9.97859418e-01
-9.98054743e-01
-9.98240709e-01
-9.98417258e-01
-9.98584449e-01
-9.98742223e-01
-9.98890519e-01
-9.99029458e-01
-9.99158919e-01
-9.99279022e-01
-9.99389708e-01
-9.99490976e-01
-9.99582827e-01
-9.99665201e-01
-9.99738276e-01
-9.99801874e-01
-9.99856055e-01
-9.99900758e-01
-9.99936104e-01
-9.99962032e-01
-9.99978542e-01
-9.99985576e-01
-9.99983191e-01
-9.99971449e-01
-9.99950230e-01
-9.99919653e-01
-9.99879599e-01
-9.99830186e-01
-9.99771297e-01
-9.99702990e-01
-9.99625206e-01
-9.99538064e-01
-9.99441504e-01
-9.99335587e-01
-9.99220192e-01
-9.99095380e-01
-9.98961151e-01
-9.98817563e-01
-9.98664498e-01
-9.98502076e-01
-9.98330176e-01
-9.98148918e-01
-9.97958243e-01
-9.97758210e-01
-9.97548699e-01
-9.97329891e-01
-9.97101605e-01
-9.96863961e-01
-9.96616900e-01
-9.96360481e-01
-9.96094644e-01
-9.95819449e-01
-9.95534837e-01
-9.95240867e-01
-9.94937539e-01
-9.94624794e-01
-9.94302750e-01
-9.93971288e-01
-9.93630528e-01
-9.93280351e-01
-9.92920816e-01
-9.92551923e-01
-9.92173672e-01
-9.91786063e-01
-9.91389096e-01
-9.90982831e-01
-9.90567207e-01
-9.90142286e-01
-9.89708006e-01
-9.89264369e-01
-9.88811433e-01
-9.88349199e-01
-9.87877607e-01
-9.87396777e-01
-9.86906588e-01
-9.86407101e-01
-9.85898376e-01
-9.85380292e-01
-9.84852970e-01
-9.84316349e-01
-9.83770490e-01
-9.83215332e-01
-9.82650936e-01
-9.82077241e-01
-9.81494308e-01
-9.80902195e-01
-9.80300784e-01
-9.79690194e-01
-9.79070306e-01
-9.78441238e-01
-9.77802873e-01
-9.77155328e-01
-9.76498604e-01
-9.75832641e-01
-9.75157499e-01
-9.74473178e-01
-9.73779678e-01
-9.73076940e-01
-9.72365141e-01
-9.71644104e-01
-9.70913947e-01
-9.70174611e-01
-9.69426215e-01
-9.68668640e-01
-9.67902005e-01
-9.67126191e-01
-9.66341257e-01
-9.65547204e-01
-9.64744031e-01
-9.63931799e-01
-9.63110447e-01
-9.62280035e-01
-9.61440623e-01
-9.60592091e-01
-9.59734499e-01
-9.58867908e-01
-9.57992256e-01
-9.57107604e-01
-9.56213951e-01
-9.55311298e-01
-9.54399645e-01
-9.53478932e-01
-9.52549279e-01
-9.51610625e-01
-9.50662971e-01
-9.49706435e-01
-9.48740900e-01
-9.47766423e-01
-9.46783066e-01
-9.45790708e-01
-9.44789529e-01
-9.43779409e-01
-9.42760468e-01
-9.41732585e-01
-9.40695882e-01
-9.39650238e-01
-9.38595772e-01
-9.37532425e-01
-9.36460257e-01
-9.35379267e-01
-9.34289455e-01
-9.33190882e-01
-9.32083488e-01
-9.30967331e-01
-9.29842412e-01
-9.28708732e-01
-9.27566350e-01
-9.26415145e-01
-9.25255239e-01
-9.24086571e-01
-9.22909260e-01
-9.21723187e-01
-9.20528471e-01
-9.19325054e-01
-9.18113053e-01
-9.16892350e-01
-9.15663064e-01
-9.14425075e-01
-9.13178504e-01
-9.11923349e-01
-9.10659552e-01
-9.09387171e-01
-9.08106208e-01
-9.06816721e-01
-9.05518711e-01
-9.04212177e-01
-9.02897120e-01
-9.01573598e-01
-9.00241494e-01
-8.98900926e-01
-8.97551894e-01
-8.96194398e-01
-8.94828439e-01
-8.93454134e-01
-8.92071366e-01
-8.90680254e-01
-8.89280677e-01
-8.87872696e-01
-8.86456370e-01
-8.85031700e-01
-8.83598685e-01
-8.82157326e-01
-8.80707681e-01
-8.79249811e-01
-8.77783597e-01
-8.76309156e-01
-8.74826372e-01
-8.73335361e-01
-8.71836126e-01
-8.70328665e-01
-8.68813038e-01
-8.67289245e-01
-8.65757287e-01
-8.64217162e-01
-8.62668872e-01
-8.61112475e-01
-8.59547913e-01
-8.57975245e-01
-8.56394529e-01
-8.54805768e-01
-8.53208959e-01
-8.51604104e-01
-8.49991262e-01
-8.48370314e-01
-8.46741438e-01
-8.45104516e-01
-8.43459725e-01
-8.41806948e-01
-8.40146244e-01
-8.38477612e-01
-8.36801112e-01
-8.35116684e-01
-8.33424330e-01
-8.31724167e-01
-8.30016196e-01
-8.28300476e-01
-8.26576889e-01
-8.24845552e-01
-8.23106349e-01
-8.21359456e-01
-8.19604754e-01
-8.17842424e-01
-8.16072345e-01
-8.14294636e-01
-8.12509179e-01
-8.10716093e-01
-8.08915377e-01
-8.07106972e-01
-8.05291057e-01
-8.03467512e-01
-8.01636457e-01
-7.99797773e-01
-7.97951579e-01
-7.96097815e-01
-7.94236600e-01
-7.92367876e-01
-7.90491760e-01
-7.88608193e-01
-7.86717176e-01
-7.84818709e-01
-7.82912791e-01
-7.80999541e-01
-7.79079020e-01
-7.77151108e-01
-7.75215924e-01
-7.73273349e-01
-7.71323502e-01
-7.69366324e-01
-7.67401993e-01
-7.65430450e-01
-7.63451695e-01
-7.61465728e-01
-7.59472549e-01
-7.57472217e-01
-7.55464733e-01
-7.53450155e-01
-7.51428545e-01
-7.49399781e-01
-7.47363985e-01
-7.45321095e-01
-7.43271232e-01
-7.41214335e-01
-7.39150524e-01
-7.37079740e-01
-7.35001981e-01
-7.32917249e-01
-7.30825663e-01
-7.28727221e-01
-7.26621866e-01
-7.24509716e-01
-7.22390652e-01
-7.20264792e-01
-7.18132138e-01
-7.15992808e-01
-7.13846684e-01
-7.11693883e-01
-7.09534347e-01
-7.07368076e-01
-7.05195189e-01
-7.03015625e-01
-7.00829506e-01
-6.98636711e-01
-6.96437359e-01
-6.94231391e-01
-6.92018986e-01
-6.89800024e-01
-6.87574565e-01
-6.85342610e-01
-6.83104157e-01
-6.80859268e-01
-6.78608000e-01
-6.76350355e-01
-6.74086392e-01
-6.71815991e-01
-6.69539273e-01
-6.67256236e-01
-6.64967000e-01
-6.62671447e-01
-6.60369635e-01
-6.58061564e-01
-6.55747294e-01
-6.53426886e-01
-6.51100338e-01
-6.48767650e-01
-6.46428823e-01
-6.44083917e-01
-6.41732931e-01
-6.39375925e-01
-6.37012899e-01
-6.34643853e-01
-6.32268786e-01
-6.29887819e-01
-6.27500892e-01
-6.25108123e-01
-6.22709394e-01
-6.20304823e-01
-6.17894351e-01
-6.15478098e-01
-6.13056064e-01
-6.10628247e-01
-6.08194649e-01
-6.05755329e-01
-6.03310347e-01
-6.00859702e-01
-5.98403335e-01
-5.95941365e-01
-5.93473673e-01
-5.91000497e-01
-5.88521719e-01
-5.86037457e-01
-5.83547592e-01
-5.81052184e-01
-5.78551352e-01
-5.76045096e-01
-5.73533475e-01
-5.71016371e-01
-5.68493903e-01
-5.65966010e-01
-5.63432872e-01
-5.60894430e-01
-5.58350682e-01
-5.55801630e-01
-5.53247392e-01
-5.50687969e-01
-5.48123360e-01
-5.45553505e-01
-5.42978525e-01
-5.40398419e-01
-5.37813306e-01
-5.35223067e-01
-5.32627821e-01
-5.30027509e-01
-5.27422249e-01
-5.24811983e-01
-5.22196829e-01
-5.19576669e-01
-5.16951621e-01
-5.14321744e-01
-5.11687040e-01
-5.09047508e-01
-5.06403148e-01
-5.03753960e-01
-5.01100123e-01
-4.98441517e-01
-4.95778263e-01
-4.93110329e-01
-4.90437746e-01
-4.87760544e-01
-4.85078692e-01
-4.82392311e-01
-4.79701400e-01
-4.77005959e-01
-4.74305987e-01
-4.71601605e-01
-4.68892753e-01
-4.66179460e-01
-4.63461816e-01
-4.60739762e-01
-4.58013415e-01
-4.55282718e-01
-4.52547759e-01
-4.49808508e-01
-4.47065026e-01
-4.44317341e-01
-4.41565454e-01
-4.38809425e-01
-4.36049223e-01
-4.33284968e-01
-4.30516601e-01
-4.27744180e-01
-4.24967736e-01
-4.22187299e-01
-4.19402868e-01
-4.16614473e-01
-4.13822174e-01
-4.11025971e-01
-4.08225894e-01
-4.05421972e-01
-4.02614236e-01
-3.99802715e-01
-3.96987379e-01
-3.94168347e-01
-3.91345590e-01
-3.88519168e-01
-3.85689050e-01
-3.82855326e-01
-3.80017966e-01
-3.77177030e-01
-3.74332577e-01
-3.71484548e-01
-3.68633062e-01
-3.65778059e-01
-3.62919658e-01
-3.60057801e-01
-3.57192576e-01
-3.54323953e-01
-3.51452023e-01
-3.48576784e-01
-3.45698237e-01
-3.42816442e-01
-3.39931399e-01
-3.37043196e-01
-3.34151775e-01
-3.31257254e-01
-3.28359574e-01
-3.25458795e-01
-3.22554976e-01
-3.19648087e-01
-3.16738218e-01
-3.13825369e-01
-3.10909539e-01
-3.07990789e-01
-3.05069119e-01
-3.02144617e-01
-2.99217224e-01
-2.96287030e-01
-2.93354034e-01
-2.90418297e-01
-2.87479818e-01
-2.84538627e-01
-2.81594753e-01
-2.78648227e-01
-2.75699079e-01
-2.72747338e-01
-2.69793034e-01
-2.66836166e-01
-2.63876766e-01
-2.60914922e-01
-2.57950574e-01
-2.54983842e-01
-2.52014667e-01
-2.49043152e-01
-2.46069282e-01
-2.43093088e-01
-2.40114614e-01
-2.37133875e-01
-2.34150901e-01
-2.31165722e-01
-2.28178367e-01
-2.25188851e-01
-2.22197220e-01
-2.19203487e-01
-2.16207698e-01
-2.13209867e-01
-2.10210025e-01
-2.07208201e-01
-2.04204425e-01
-2.01198742e-01
-1.98191136e-01
-1.95181683e-01
-1.92170396e-01
-1.89157292e-01
-1.86142415e-01
-1.83125764e-01
-1.80107385e-01
-1.77087322e-01
-1.74065590e-01
-1.71042219e-01
-1.68017238e-01
-1.64990678e-01
-1.61962554e-01
-1.58932909e-01
-1.55901760e-01
-1.52869150e-01
-1.49835095e-01
-1.46799624e-01
-1.43762767e-01
-1.40724570e-01
-1.37685031e-01
-1.34644195e-01
-1.31602108e-01
-1.28558755e-01
-1.25514209e-01
-1.22468486e-01
-1.19421609e-01
-1.16373606e-01
-1.13324501e-01
-1.10274330e-01
-1.07223116e-01
-1.04170896e-01
-1.01117693e-01
-9.80635434e-02
-9.50084627e-02
-9.19524878e-02
-8.88956487e-02
-8.58379751e-02
-8.27794895e-02
-7.97202215e-02
-7.66602010e-02
-7.35994577e-02
-7.05380216e-02
-6.74759224e-02
-6.44131899e-02
-6.13498464e-02
-5.82859255e-02
-5.52214570e-02
-5.21564707e-02
-4.90909927e-02
-4.60250489e-02
-4.29586731e-02
-3.98918912e-02
-3.68247330e-02
-3.37572284e-02
-3.06894071e-02
-2.76212990e-02
-2.45529097e-02
-2.14844886e-02
-1.84150767e-02
-1.53441243e-02
-1.22800870e-02
-9.26388614e-03
-6.37311861e-03
-3.68588394e-03
-1.19972578e-03
1.19972578e-03
3.68588394e-03
