-3.78315826e-03
-1.24110992e-03
1.24110992e-03
3.78315826e-03
6.47261646e-03
9.32706892e-03
1.23051386e-02
1.53484056e-02
1.84142608e-02
2.14838702e-02
2.45527774e-02
2.76211258e-02
3.06892004e-02
3.37570123e-02
3.68245021e-02
3.98916453e-02
4.29584123e-02
4.60247733e-02
4.90907021e-02
5.21561652e-02
5.52211367e-02
5.82855903e-02
6.13494962e-02
6.44128248e-02
6.74755424e-02
7.05376342e-02
7.35990554e-02
7.66597837e-02
7.97197893e-02
8.27790424e-02
8.58375132e-02
8.88951719e-02
9.19519961e-02
9.50079560e-02
9.80630219e-02
1.01117156e-01
1.04170345e-01
1.07222550e-01
1.10273749e-01
1.13323905e-01
1.16372995e-01
1.19420990e-01
1.22467861e-01
1.25513569e-01
1.28558099e-01
1.31601423e-01
1.34643510e-01
1.37684330e-01
1.40723839e-01
1.43762037e-01
1.46798879e-01
1.49834335e-01
1.52868375e-01
1.55900970e-01
1.58932105e-01
1.61961734e-01
1.64989844e-01
1.68016404e-01
1.71041369e-01
1.74064726e-01
1.77086443e-01
1.80106491e-01
1.83124840e-01
1.86141461e-01
1.89156339e-01
1.92169428e-01
1.95180714e-01
1.98190153e-01
2.01197729e-01
2.04203412e-01
2.07207173e-01
2.10208982e-01
2.13208809e-01
2.16206625e-01
2.19202399e-01
2.22196117e-01
2.25187734e-01
2.28177235e-01
2.31164575e-01
2.34149739e-01
2.37132698e-01
2.40113437e-01
2.43091896e-01
2.46068075e-01
2.49041930e-01
2.52013445e-01
2.54982591e-01
2.57949322e-01
2.60913640e-01
2.63875484e-01
2.66834855e-01
2.69791692e-01
2.72745997e-01
2.75697738e-01
2.78646857e-01
2.81593382e-01
2.84537226e-01
2.87478417e-01
2.90416867e-01
2.93352604e-01
2.96285570e-01
2.99215764e-01
3.02143127e-01
3.05067629e-01
3.07989269e-01
3.10908020e-01
3.13823819e-01
3.16736668e-01
3.19646537e-01
3.22553396e-01
3.25457215e-01
3.28357965e-01
3.31255615e-01
3.34150136e-01
3.37041557e-01
3.39929760e-01
3.42814773e-01
3.45696539e-01
3.48575085e-01
3.51450294e-01
3.54322225e-01
3.57190818e-01
3.60056043e-01
3.62917900e-01
3.65776300e-01
3.68631244e-01
3.71482730e-01
3.74330759e-01
3.77175212e-01
3.80016118e-01
3.82853448e-01
3.85687172e-01
3.88517261e-01
3.91343683e-01
3.94166440e-01
3.96985471e-01
3.99800748e-01
4.02612269e-01
4.05420005e-01
4.08223897e-01
4.11023974e-01
4.13820148e-01
4.16612446e-01
4.19400841e-01
4.22185242e-01
4.24965709e-01
4.27742124e-01
4.30514544e-01
4.33282882e-01
4.36047137e-01
4.38807279e-01
4.41563308e-01
4.44315165e-01
4.47062850e-01
4.49806303e-01
4.52545553e-01
4.55280513e-01
4.58011180e-01
4.60737526e-01
4.63459581e-01
4.66177225e-01
4.68890488e-01
4.71599340e-01
4.74303722e-01
4.77003664e-01
4.79699075e-01
4.82390016e-01
4.85076368e-01
4.87758189e-01
4.90435362e-01
4.93107945e-01
4.95775878e-01
4.98439133e-01
5.01097739e-01
5.03751576e-01
5.06400704e-01
5.09045064e-01
5.11684597e-01
5.14319301e-01
5.16949177e-01
5.19574165e-01
5.22194326e-01
5.24809480e-01
5.27419686e-01
5.30024946e-01
5.32625258e-01
5.35220504e-01
5.37810683e-01
5.40395796e-01
5.42975903e-01
5.45550883e-01
5.48120737e-01
5.50685346e-01
5.53244770e-01
5.55799007e-01
5.58348060e-01
5.60891807e-01
5.63430250e-01
5.65963328e-01
5.68491161e-01
5.71013629e-01
5.73530734e-01
5.76042354e-01
5.78548610e-01
5.81049383e-01
5.83544731e-01
5.86034536e-01
5.88518798e-01
5.90997577e-01
5.93470752e-01
5.95938444e-01
5.98400414e-01
6.00856781e-01
6.03307426e-01
6.05752468e-01
6.08191788e-01
6.10625386e-01
6.13053203e-01
6.15475178e-01
6.17891431e-01
6.20301843e-01
6.22706473e-01
6.25105143e-01
6.27497971e-01
6.29884839e-01
6.32265806e-01
6.34640813e-01
6.37009859e-01
6.39372885e-01
6.41729832e-01
6.44080818e-01
6.46425724e-01
6.48764551e-01
6.51097178e-01
6.53423727e-01
6.55744135e-01
6.58058405e-01
6.60366476e-01
6.62668228e-01
6.64963782e-01
6.67253017e-01
6.69536054e-01
6.71812773e-01
6.74083173e-01
6.76347136e-01
6.78604782e-01
6.80855989e-01
6.83100879e-01
6.85339332e-01
6.87571287e-01
6.89796686e-01
6.92015648e-01
6.94228053e-01
6.96434021e-01
6.98633373e-01
7.00826168e-01
7.03012288e-01
7.05191791e-01
7.07364678e-01
7.09530950e-01
7.11690485e-01
7.13843286e-01
7.15989411e-01
7.18128741e-01
7.20261395e-01
7.22387195e-01
7.24506259e-01
7.26618409e-01
7.28723705e-01
7.30822146e-01
7.32913733e-01
7.34998465e-01
7.37076223e-01
7.39147007e-01
7.41210818e-01
7.43267655e-01
7.45317578e-01
7.47360408e-01
7.49396265e-01
7.51424968e-01
7.53446639e-01
7.55461156e-01
7.57468581e-01
7.59468913e-01
7.61462092e-01
7.63448060e-01
7.65426815e-01
7.67398357e-01
7.69362688e-01
7.71319807e-01
7.73269653e-01
7.75212228e-01
7.77147412e-01
7.79075325e-01
7.80995846e-01
7.82909095e-01
7.84814954e-01
7.86713421e-01
7.88604438e-01
7.90488005e-01
7.92364120e-01
7.94232786e-01
7.96094060e-01
7.97947764e-01
7.99794018e-01
8.01632643e-01
8.03463757e-01
8.05287242e-01
8.07103157e-01
8.08911502e-01
8.10712278e-01
8.12505364e-01
8.14290762e-01
8.16068470e-01
8.17838490e-01
8.19600880e-01
8.21355522e-01
8.23102474e-01
8.24841619e-01
8.26573014e-01
8.28296542e-01
8.30012321e-01
8.31720233e-01
8.33420396e-01
8.35112691e-01
8.36797118e-01
8.38473618e-01
8.40142250e-01
8.41802895e-01
8.43455672e-01
8.45100462e-01
8.46737385e-01
8.48366261e-01
8.49987209e-01
8.51600051e-01
8.53204906e-01
8.54801714e-01
8.56390476e-01
8.57971191e-01
8.59543800e-01
8.61108363e-01
8.62664819e-01
8.64213109e-01
8.65753233e-01
8.67285192e-01
8.68808985e-01
8.70324552e-01
8.71832013e-01
8.73331249e-01
8.74822259e-01
8.76304984e-01
8.77779484e-01
8.79245639e-01
8.80703568e-01
8.82153153e-01
8.83594513e-01
8.85027528e-01
8.86452198e-01
8.87868524e-01
8.89276445e-01
8.90676022e-01
8.92067134e-01
8.93449903e-01
8.94824207e-01
8.96190166e-01
8.97547603e-01
8.98896694e-01
9.00237262e-01
9.01569366e-01
9.02892888e-01
9.04207945e-01
9.05514419e-01
9.06812429e-01
9.08101916e-01
9.09382820e-01
9.10655200e-01
9.11918998e-01
9.13174212e-01
9.14420784e-01
9.15658712e-01
9.16887999e-01
9.18108642e-01
9.19320703e-01
9.20524061e-01
9.21718836e-01
9.22904849e-01
9.24082220e-01
9.25250888e-01
9.26410794e-01
9.27561998e-01
9.28704381e-01
9.29838061e-01
9.30962920e-01
9.32079077e-01
9.33186412e-01
9.34285045e-01
9.35374856e-01
9.36455846e-01
9.37528014e-01
9.38591301e-01
9.39645767e-01
9.40691352e-01
9.41728115e-01
9.42755938e-01
9.43774939e-01
9.44784999e-01
9.45786238e-01
9.46778536e-01
9.47761953e-01
9.48736429e-01
9.49701965e-01
9.50658500e-01
9.51606154e-01
9.52544749e-01
9.53474402e-01
9.54395056e-01
9.55306709e-01
9.56209362e-01
9.57103014e-01
9.57987666e-01
9.58863318e-01
9.59729970e-01
9.60587502e-01
9.61436033e-01
9.62275505e-01
9.63105917e-01
9.63927209e-01
9.64739442e-01
9.65542614e-01
9.66336668e-01
9.67121601e-01
9.67897415e-01
9.68664050e-01
9.69421625e-01
9.70170021e-01
9.70909357e-01
9.71639514e-01
9.72360492e-01
9.73072350e-01
9.73775029e-01
9.74468589e-01
9.75152910e-01
9.75828052e-01
9.76494014e-01
9.77150738e-01
9.77798283e-01
9.78436589e-01
9.79065716e-01
9.79685545e-01
9.80296195e-01
9.80897546e-01
9.81489718e-01
9.82072592e-01
9.82646286e-01
9.83210683e-01
9.83765841e-01
9.84311700e-01
9.84848320e-01
9.85375643e-01
9.85893726e-01
9.86402452e-01
9.86901939e-01
9.87392128e-01
9.87872958e-01
9.88344550e-01
9.88806784e-01
9.89259720e-01
9.89703298e-01
9.90137577e-01
9.90562558e-01
9.90978181e-01
9.91384447e-01
9.91781414e-01
9.92169023e-01
9.92547274e-01
9.92916107e-01
9.93275642e-01
9.93625760e-01
9.93966579e-01
9.94297981e-01
9.94620085e-01
9.94932771e-01
9.95236158e-01
9.95530128e-01
9.95814741e-01
9.96089935e-01
9.96355772e-01
9.96612191e-01
9.96859252e-01
9.97096896e-01
9.97325182e-01
9.97543991e-01
9.97753501e-01
9.97953534e-01
9.98144209e-01
9.98325467e-01
9.98497307e-01
9.98659790e-01
9.98812795e-01
9.98956442e-01
9.99090672e-01
9.99215484e-01
9.99330878e-01
9.99436796e-01
9.99533355e-01
9.99620497e-01
9.99698281e-01
9.99766588e-01
9.99825478e-01
9.99874890e-01
9.99914944e-01
9.99945521e-01
9.99966741e-01
9.99978483e-01
9.99980867e-01
9.99973834e-01
9.99957323e-01
9.99931395e-01
9.99896049e-01
9.99851346e-01
9.99797165e-01
9.99733627e-01
9.99660552e-01
9.99578118e-01
9.99486208e-01
9.99384999e-01
9.99274313e-01
9.99154270e-01
9.99024749e-01
9.98885810e-01
9.98737454e-01
9.98579741e-01
9.98412549e-01
9.98236001e-01
9.98050034e-01
9.97854710e-01
9.97649908e-01
9.97435749e-01
9.97212231e-01
9.96979237e-01
9.96736884e-01
9.96485174e-01
9.96223986e-01
9.95953500e-01
9.95673597e-01
9.95384336e-01
9.95085657e-01
9.94777620e-01
9.94460225e-01
9.94133413e-01
9.93797302e-01
9.93451834e-01
9.93097007e-01
9.92732823e-01
9.92359281e-01
9.91976380e-01
9.91584122e-01
9.91182506e-01
9.90771532e-01
9.90351260e-01
9.89921629e-01
9.89482701e-01
9.89034414e-01
9.88576829e-01
9.88109946e-01
9.87633705e-01
9.87148166e-01
9.86653388e-01
9.86149251e-01
9.85635817e-01
9.85113144e-01
9.84581172e-01
9.84039903e-01
9.83489394e-01
9.82929587e-01
9.82360542e-01
9.81782258e-01
9.81194735e-01
9.80597973e-01
9.79991972e-01
9.79376733e-01
9.78752255e-01
9.78118598e-01
9.77475643e-01
9.76823509e-01
9.76162195e-01
9.75491643e-01
9.74811912e-01
9.74122941e-01
9.73424852e-01
9.72717583e-01
9.72001135e-01
9.71275568e-01
9.70540822e-01
9.69796956e-01
9.69043911e-01
9.68281806e-01
9.67510581e-01
9.66730237e-01
9.65940773e-01
9.65142190e-01
9.64334488e-01
9.63517725e-01
9.62691844e-01
9.61856902e-01
9.61012900e-01
9.60159898e-01
9.59297776e-01
9.58426654e-01
9.57546532e-01
9.56657350e-01
9.55759227e-01
9.54852045e-01
9.53935921e-01
9.53010738e-01
9.52076614e-01
9.51133430e-01
9.50181365e-01
9.49220300e-01
9.48250294e-01
9.47271347e-01
9.46283519e-01
9.45286751e-01
9.44281161e-01
9.43266630e-01
9.42243218e-01
9.41210926e-01
9.40169752e-01
9.39119697e-01
9.38060760e-01
9.36993003e-01
9.35916424e-01
9.34831023e-01
9.33736861e-01
9.32633877e-01
9.31522131e-01
9.30401623e-01
9.29272354e-01
9.28134322e-01
9.26987469e-01
9.25831914e-01
9.24667656e-01
9.23494637e-01
9.22312975e-01
9.21122551e-01
9.19923544e-01
9.18715835e-01
9.17499483e-01
9.16274488e-01
9.15040851e-01
9.13798571e-01
9.12547708e-01
9.11288202e-01
9.10020113e-01
9.08743441e-01
9.07458246e-01
9.06164527e-01
9.04862285e-01
9.03551519e-01
9.02232230e-01
9.00904357e-01
8.99568081e-01
8.98223221e-01
8.96869957e-01
8.95508230e-01
8.94138157e-01
8.92759621e-01
8.91372681e-01
8.89977336e-01
8.88573587e-01
8.87161434e-01
8.85740936e-01
8.84312034e-01
8.82874846e-01
8.81429374e-01
8.79975617e-01
8.78513575e-01
8.77043247e-01
8.75564694e-01
8.74077797e-01
8.72582674e-01
8.71079326e-01
8.69567752e-01
8.68048072e-01
8.66520166e-01
8.64984155e-01
8.63439977e-01
8.61887634e-01
8.60327125e-01
8.58758509e-01
8.57181847e-01
8.55597138e-01
8.54004383e-01
8.52403581e-01
8.50794673e-01
8.49177778e-01
8.47552836e-01
8.45919967e-01
8.44279110e-01
8.42630327e-01
8.40973616e-01
8.39308977e-01
8.37636411e-01
8.35955918e-01
8.34267557e-01
8.32571328e-01
8.30867290e-01
8.29155445e-01
8.27435791e-01
8.25708330e-01
8.23973060e-01
8.22229981e-01
8.20479214e-01
8.18720698e-01
8.16954553e-01
8.15180659e-01
8.13399076e-01
8.11609805e-01
8.09812844e-01
8.08008313e-01
8.06196153e-01
8.04376423e-01
8.02549124e-01
8.00714254e-01
7.98871875e-01
7.97021866e-01
7.95164406e-01
7.93299437e-01
7.91427076e-01
7.89547205e-01
7.87659883e-01
7.85765111e-01
7.83862948e-01
7.81953394e-01
7.80036509e-01
7.78112292e-01
7.76180744e-01
7.74241865e-01
7.72295654e-01
7.70342112e-01
7.68381417e-01
7.66413450e-01
7.64438331e-01
7.62455940e-01
7.60466397e-01
7.58469641e-01
7.56465733e-01
7.54454732e-01
7.52436638e-01
7.50411510e-01
7.48379230e-01
7.46339917e-01
7.44293511e-01
7.42240191e-01
7.40179837e-01
7.38112569e-01
7.36038268e-01
7.33956993e-01
7.31868804e-01
7.29773760e-01
7.27671921e-01
7.25563169e-01
7.23447621e-01
7.21325159e-01
7.19195962e-01
7.17059970e-01
7.14917243e-01
7.12767780e-01
7.10611582e-01
7.08448648e-01
7.06279039e-01
7.04102814e-01
7.01920033e-01
6.99730575e-01
6.97534561e-01
6.95331872e-01
6.93122685e-01
6.90906942e-01
6.88684762e-01
6.86456084e-01
6.84220910e-01
6.81979239e-01
6.79731190e-01
6.77476764e-01
6.75215960e-01
6.72948778e-01
6.70675218e-01
6.68395340e-01
6.66109204e-01
6.63816810e-01
6.61518157e-01
6.59213245e-01
6.56902075e-01
6.54584765e-01
6.52261317e-01
6.49931729e-01
6.47595942e-01
6.45254076e-01
6.42906070e-01
6.40552104e-01
6.38192117e-01
6.35826111e-01
6.33454084e-01
6.31076038e-01
6.28692091e-01
6.26302242e-01
6.23906493e-01
6.21504903e-01
6.19097352e-01
6.16684020e-01
6.14264846e-01
6.11839950e-01
6.09409273e-01
6.06972814e-01
6.04530632e-01
6.02082789e-01
5.99629283e-01
5.97170174e-01
5.94705343e-01
5.92234969e-01
5.89758992e-01
5.87277472e-01
5.84790409e-01
5.82297802e-01
5.79799712e-01
5.77296197e-01
5.74787259e-01
5.72272897e-01
5.69753110e-01
5.67227900e-01
5.64697444e-01
5.62161624e-01
5.59620559e-01
5.57074189e-01
5.54522514e-01
5.51965714e-01
5.49403667e-01
5.46836495e-01
5.44264078e-01
5.41686594e-01
5.39103985e-01
5.36516309e-01
5.33923566e-01
5.31325758e-01
5.28722942e-01
5.26115179e-01
5.23502469e-01
5.20884812e-01
5.18262267e-01
5.15634775e-01
5.13002515e-01
5.10365427e-01
5.07723510e-01
5.05076766e-01
5.02425253e-01
4.99769032e-01
4.97108132e-01
4.94442523e-01
4.91772264e-01
4.89097357e-01
4.86417860e-01
4.83733773e-01
4.81045127e-01
4.78351951e-01
4.75654274e-01
4.72952098e-01
4.70245481e-01
4.67534423e-01
4.64818954e-01
4.62099135e-01
4.59374934e-01
4.56646413e-01
4.53913569e-01
4.51176465e-01
4.48435128e-01
4.45689559e-01
4.42939788e-01
4.40185845e-01
4.37427759e-01
4.34665531e-01
4.31899220e-01
4.29128855e-01
4.26354438e-01
4.23575997e-01
4.20793563e-01
4.18007165e-01
4.15216833e-01
4.12422597e-01
4.09624457e-01
4.06822473e-01
4.04016644e-01
4.01207000e-01
3.98393601e-01
3.95576447e-01
3.92755568e-01
3.89930964e-01
3.87102723e-01
3.84270787e-01
3.81435275e-01
3.78596127e-01
3.75753433e-01
3.72907221e-01
3.70057464e-01
3.67204219e-01
3.64347517e-01
3.61487418e-01
3.58623862e-01
3.55756968e-01
3.52886707e-01
3.50013137e-01
3.47136229e-01
3.44256103e-01
3.41372699e-01
3.38486075e-01
3.35596263e-01
3.32703322e-01
3.29807222e-01
3.26907992e-01
3.24005723e-01
3.21100354e-01
3.18192005e-01
3.15280646e-01
3.12366337e-01
3.09449047e-01
3.06528866e-01
3.03605765e-01
3.00679833e-01
2.97751069e-01
2.94819504e-01
2.91885138e-01
2.88948029e-01
2.86008209e-01
2.83065647e-01
2.80120462e-01
2.77172625e-01
2.74222195e-01
2.71269172e-01
2.68313587e-01
2.65355498e-01
2.62394905e-01
2.59431809e-01
2.56466299e-01
2.53498346e-01
2.50528008e-01
2.47555330e-01
2.44580314e-01
2.41602987e-01
2.38623381e-01
2.35641524e-01
2.32657462e-01
2.29671195e-01
2.26682767e-01
2.23692209e-01
2.20699534e-01
2.17704788e-01
2.14707986e-01
2.11709157e-01
2.08708346e-01
2.05705568e-01
2.02700853e-01
1.99694231e-01
1.96685717e-01
1.93675354e-01
1.90663159e-01
1.87649176e-01
1.84633404e-01
1.81615919e-01
1.78596705e-01
1.75575808e-01
1.72553271e-01
1.69529095e-01
1.66503325e-01
1.63475990e-01
1.60447121e-01
1.57416731e-01
1.54384866e-01
1.51351541e-01
1.48316786e-01
1.45280644e-01
1.42243132e-01
1.39204279e-01
1.36164114e-01
1.33122668e-01
1.30079970e-01
1.27036035e-01
1.23990908e-01
1.20944612e-01
1.17897168e-01
1.14848621e-01
1.11798987e-01
1.08748309e-01
1.05696604e-01
1.02643907e-01
9.95902345e-02
9.65356305e-02
9.34801176e-02
9.04237255e-02
8.73664767e-02
8.43084082e-02
8.12495351e-02
7.81899020e-02
7.51295239e-02
7.20684454e-02
6.90066889e-02
6.59442842e-02
6.28812611e-02
5.98176420e-02
5.67534603e-02
5.36887459e-02
5.06235212e-02
4.75578234e-02
4.44916748e-02
4.14251052e-02
3.83581482e-02
3.52908261e-02
3.22231762e-02
2.91552208e-02
2.60869917e-02
2.30185166e-02
1.99498236e-02
1.68809425e-02
1.38119021e-02
1.07427323e-02
7.67346146e-03
4.60411794e-03
1.53473066e-03
-1.53467106e-03
-4.60405834e-03
-7.67340185e-03
-1.07426727e-02
-1.38118425e-02
-1.68808829e-02
-1.99497640e-02
-2.30184570e-02
-2.60869320e-02
-2.91551612e-02
-3.22231166e-02
-3.52907665e-02
-3.83580886e-02
-4.14250456e-02
-4.44916151e-02
-4.75577638e-02
-5.06234616e-02
-5.36886863e-02
-5.67534007e-02
-5.98175824e-02
-6.28812015e-02
-6.59442246e-02
-6.90066293e-02
-7.20683858e-02
-7.51294643e-02
-7.81898424e-02
-8.12494755e-02
-8.43083486e-02
-8.73664171e-02
-9.04236659e-02
-9.34800580e-02
-9.65355709e-02
-9.95901749e-02
-1.02643847e-01
-1.05696544e-01
-1.08748250e-01
-1.11798927e-01
-1.14848562e-01
-1.17897108e-01
-1.20944552e-01
-1.23990849e-01
-1.27035975e-01
-1.30079910e-01
-1.33122608e-01
-1.36164054e-01
-1.39204219e-01
-1.42243072e-01
-1.45280585e-01
-1.48316726e-01
-1.51351482e-01
-1.54384807e-01
-1.57416672e-01
-1.60447061e-01
-1.63475931e-01
-1.66503266e-01
-1.69529036e-01
-1.72553211e-01
-1.75575748e-01
-1.78596646e-01
-1.81615859e-01
-1.84633344e-01
-1.87649116e-01
-1.90663099e-01
-1.93675295e-01
-1.96685657e-01
-1.99694172e-01
-2.02700794e-01
-2.05705509e-01
-2.08708286e-01
-2.11709097e-01
-2.14707926e-01
-2.17704728e-01
-2.20699474e-01
-2.23692149e-01
-2.26682708e-01
-2.29671136e-01
-2.32657403e-01
-2.35641479e-01
-2.38623321e-01
-2.41602927e-01
-2.44580254e-01
-2.47555271e-01
-2.50527948e-01
-2.53498286e-01
-2.56466240e-01
-2.59431750e-01
-2.62394845e-01
-2.65355438e-01
-2.68313527e-01
-2.71269113e-01
-2.74222136e-01
-2.77172565e-01
-2.80120403e-01
-2.83065587e-01
-2.86008149e-01
-2.88947970e-01
-2.91885078e-01
-2.94819444e-01
-2.97751009e-01
-3.00679773e-01
-3.03605705e-01
-3.06528807e-01
-3.09448987e-01
-3.12366277e-01
-3.15280586e-01
-3.18191946e-01
-3.21100324e-01
-3.24005663e-01
-3.26907963e-01
-3.29807162e-01
-3.32703263e-01
-3.35596204e-01
-3.38486016e-01
-3.41372639e-01
-3.44256043e-01
-3.47136170e-01
-3.50013077e-01
-3.52886647e-01
-3.55756909e-01
-3.58623832e-01
-3.61487359e-01
-3.64347488e-01
-3.67204189e-01
-3.70057404e-01
-3.72907132e-01
-3.75753373e-01
-3.78596067e-01
-3.81435215e-01
-3.84270728e-01
-3.87102664e-01
-3.89930904e-01
-3.92755508e-01
-3.95576388e-01
-3.98393542e-01
-4.01206940e-01
-4.04016584e-01
-4.06822413e-01
-4.09624398e-01
-4.12422568e-01
-4.15216804e-01
-4.18007135e-01
-4.20793504e-01
-4.23575938e-01
-4.26354378e-01
-4.29128796e-01
-4.31899190e-01
-4.34665501e-01
-4.37427729e-01
-4.40185815e-01
-4.42939758e-01
-4.45689529e-01
-4.48435098e-01
-4.51176435e-01
-4.53913540e-01
-4.56646353e-01
-4.59374875e-01
-4.62099075e-01
-4.64818895e-01
-4.67534363e-01
-4.70245421e-01
-4.72952038e-01
-4.75654244e-01
-4.78351921e-01
-4.81045097e-01
-4.83733743e-01
-4.86417800e-01
-4.89097327e-01
-4.91772205e-01
-4.94442493e-01
-4.97108072e-01
-4.99769002e-01
-5.02425194e-01
-5.05076706e-01
-5.07723451e-01
-5.10365367e-01
-5.13002455e-01
-5.15634716e-01
-5.18262208e-01
-5.20884752e-01
-5.23502409e-01
-5.26115119e-01
-5.28722882e-01
-5.31325698e-01
-5.33923507e-01
-5.36516249e-01
-5.39103925e-01
-5.41686535e-01
-5.44264019e-01
-5.46836436e-01
-5.49403608e-01
-5.51965654e-01
-5.54522455e-01
-5.57074130e-01
-5.59620500e-01
-5.62161565e-01
-5.64697385e-01
-5.67227840e-01
-5.69753051e-01
-5.72272837e-01
-5.74787199e-01
-5.77296138e-01
-5.79799652e-01
-5.82297742e-01
-5.84790349e-01
-5.87277412e-01
-5.89758933e-01
-5.92234910e-01
-5.94705343e-01
-5.97170115e-01
-5.99629283e-01
-6.02082789e-01
-6.04530632e-01
-6.06972814e-01
-6.09409273e-01
-6.11839950e-01
-6.14264846e-01
-6.16683960e-01
-6.19097292e-01
-6.21504784e-01
-6.23906434e-01
-6.26302183e-01
-6.28692031e-01
-6.31075978e-01
-6.33454025e-01
-6.35826051e-01
-6.38192058e-01
-6.40552044e-01
-6.42906070e-01
-6.45254016e-01
-6.47595942e-01
-6.49931669e-01
-6.52261257e-01
-6.54584706e-01
-6.56902015e-01
-6.59213185e-01
-6.61518097e-01
-6.63816750e-01
-6.66109145e-01
-6.68395281e-01
-6.70675218e-01
-6.72948778e-01
-6.75215960e-01
-6.77476764e-01
-6.79731190e-01
-6.81979239e-01
-6.84220910e-01
-6.86456084e-01
-6.88684762e-01
-6.90906942e-01
-6.93122625e-01
-6.95331872e-01
-6.97534502e-01
-6.99730575e-01
-7.01919973e-01
-7.04102814e-01
-7.06279039e-01
-7.08448648e-01
-7.10611522e-01
-7.12767720e-01
-7.14917183e-01
-7.17059910e-01
-7.19195902e-01
-7.21325099e-01
-7.23447561e-01
-7.25563109e-01
-7.27671862e-01
-7.29773760e-01
-7.31868804e-01
-7.33956933e-01
-7.36038208e-01
-7.38112509e-01
-7.40179837e-01
-7.42240131e-01
-7.44293511e-01
-7.46339858e-01
-7.48379230e-01
-7.50411451e-01
-7.52436638e-01
-7.54454732e-01
-7.56465733e-01
-7.58469641e-01
-7.60466397e-01
-7.62455940e-01
-7.64438331e-01
-7.66413450e-01
-7.68381417e-01
-7.70342112e-01
-7.72295594e-01
-7.74241865e-01
-7.76180744e-01
-7.78112292e-01
-7.80036509e-01
-7.81953394e-01
-7.83862948e-01
-7.85765111e-01
-7.87659883e-01
-7.89547205e-01
-7.91427016e-01
-7.93299437e-01
-7.95164347e-01
-7.97021866e-01
-7.98871815e-01
-8.00714254e-01
-8.02549064e-01
-8.04376364e-01
-8.06196094e-01
-8.08008254e-01
-8.09812844e-01
-8.11609745e-01
-8.13399017e-01
-8.15180600e-01
-8.16954494e-01
-8.18720698e-01
-8.20479155e-01
-8.22229981e-01
-8.23973000e-01
-8.25708270e-01
-8.27435732e-01
-8.29155385e-01
-8.30867231e-01
-8.32571268e-01
-8.34267497e-01
-8.35955858e-01
-8.37636352e-01
-8.39308918e-01
-8.40973556e-01
-8.42630267e-01
-8.44279051e-01
-8.45919907e-01
-8.47552836e-01
-8.49177718e-01
-8.50794673e-01
-8.52403522e-01
-8.54004383e-01
-8.55597138e-01
-8.57181847e-01
-8.58758509e-01
-8.60327125e-01
-8.61887574e-01
-8.63439918e-01
-8.64984095e-01
-8.66520166e-01
-8.68048012e-01
-8.69567752e-01
-8.71079266e-01
-8.72582614e-01
-8.74077737e-01
-8.75564635e-01
-8.77043247e-01
-8.78513575e-01
-8.79975617e-01
-8.81429374e-01
-8.82874846e-01
-8.84312034e-01
-8.85740876e-01
-8.87161374e-01
-8.88573527e-01
-8.89977276e-01
-8.91372621e-01
-8.92759562e-01
-8.94138098e-01
-8.95508230e-01
-8.96869957e-01
-8.98223281e-01
-8.99568021e-01
-9.00904357e-01
-9.02232170e-01
-9.03551519e-01
-9.04862285e-01
-9.06164527e-01
-9.07458246e-01
-9.08743441e-01
-9.10020113e-01
-9.11288202e-01
-9.12547648e-01
-9.13798571e-01
-9.15040851e-01
-9.16274488e-01
-9.17499483e-01
-9.18715835e-01
-9.19923484e-01
-9.21122551e-01
-9.22312915e-01
-9.23494637e-01
-9.24667597e-01
-9.25831914e-01
-9.26987469e-01
-9.28134263e-01
-9.29272294e-01
-9.30401564e-01
-9.31522071e-01
-9.32633817e-01
-9.33736801e-01
-9.34831023e-01
-9.35916424e-01
-9.36993003e-01
-9.38060760e-01
-9.39119637e-01
-9.40169692e-01
-9.41210866e-01
-9.42243159e-01
-9.43266571e-01
-9.44281101e-01
-9.45286751e-01
-9.46283519e-01
-9.47271347e-01
-9.48250294e-01
-9.49220240e-01
-9.50181305e-01
-9.51133430e-01
-9.52076554e-01
-9.53010738e-01
-9.53935862e-01
-9.54852045e-01
-9.55759168e-01
-9.56657350e-01
-9.57546473e-01
-9.58426654e-01
-9.59297776e-01
-9.60159838e-01
-9.61012900e-01
-9.61856902e-01
-9.62691844e-01
-9.63517725e-01
-9.64334488e-01
-9.65142190e-01
-9.65940773e-01
-9.66730237e-01
-9.67510581e-01
-9.68281806e-01
-9.69043911e-01
-9.69796896e-01
-9.70540822e-01
-9.71275568e-01
-9.72001135e-01
-9.72717583e-01
-9.73424792e-01
-9.74122941e-01
-9.74811852e-01
-9.75491643e-01
-9.76162136e-01
-9.76823509e-01
-9.77475643e-01
-9.78118598e-01
-9.78752255e-01
-9.79376733e-01
-9.79991972e-01
-9.80597973e-01
-9.81194735e-01
-9.81782258e-01
-9.82360542e-01
-9.82929587e-01
-9.83489394e-01
-9.84039903e-01
-9.84581172e-01
-9.85113144e-01
-9.85635817e-01
-9.86149251e-01
-9.86653388e-01
-9.87148166e-01
-9.87633705e-01
-9.88109887e-01
-9.88576829e-01
-9.89034414e-01
-9.89482701e-01
-9.89921629e-01
-9.90351260e-01
-9.90771532e-01
-9.91182506e-01
-9.91584122e-01
-9.91976380e-01
-9.92359281e-01
-9.92732823e-01
-9.93097007e-01
-9.93451834e-01
-9.93797302e-01
-9.94133413e-01
-9.94460166e-01
-9.94777620e-01
-9.95085657e-01
-9.95384276e-01
-9.95673597e-01
-9.95953500e-01
-9.96223986e-01
-9.96485114e-01
-9.96736884e-01
-9.96979237e-01
-9.97212172e-01
-9.97435749e-01
-9.97649908e-01
-9.97854710e-01
-9.98050034e-01
-9.98236001e-01
-9.98412549e-01
-9.98579741e-01
-9.98737514e-01
-9.98885810e-01
-9.99024749e-01
-9.99154210e-01
-9.99274313e-01
-9.99384999e-01
-9.99486268e-01
-9.99578118e-01
-9.99660492e-01
-9.99733567e-01
-9.99797165e-01
-9.99851346e-01
-9.99896049e-01
-9.99931395e-01
-9.99957323e-01
-9.99973834e-01
-9.99980867e-01
-9.99978483e-01
-9.99966741e-01
-9.99945521e-01
-9.99914944e-01
-9.99874890e-01
-9.99825478e-01
-9.99766588e-01
-9.99698281e-01
-9.99620497e-01
-9.99533355e-01
-9.99436796e-01
-9.99330878e-01
-9.99215484e-01
-9.99090672e-01
-9.98956442e-01
-9.98812854e-01
-9.98659790e-01
-9.98497367e-01
-9.98325467e-01
-9.98144209e-01
-9.97953534e-01
-9.97753501e-01
-9.97543991e-01
-9.97325182e-01
-9.97096896e-01
-9.96859252e-01
-9.96612191e-01
-9.96355772e-01
-9.96089935e-01
-9.95814741e-01
-9.95530128e-01
-9.95236158e-01
-9.94932830e-01
-9.94620085e-01
-9.94298041e-01
-9.93966579e-01
-9.93625820e-01
-9.93275642e-01
-9.92916167e-01
-9.92547274e-01
-9.92169023e-01
-9.91781414e-01
-9.91384447e-01
-9.90978181e-01
-9.90562558e-01
-9.90137637e-01
-9.89703357e-01
-9.89259720e-01
-9.88806784e-01
-9.88344550e-01
-9.87872958e-01
-9.87392128e-01
-9.86901939e-01
-9.86402452e-01
-9.85893726e-01
-9.85375643e-01
-9.84848320e-01
-9.84311700e-01
-9.83765841e-01
-9.83210683e-01
-9.82646286e-01
-9.82072651e-01
-9.81489718e-01
-9.80897605e-01
-9.80296195e-01
-9.79685605e-01
-9.79065716e-01
-9.78436649e-01
-9.77798283e-01
-9.77150738e-01
-9.76494014e-01
-9.75828052e-01
-9.75152969e-01
-9.74468589e-01
-9.73775089e-01
-9.73072350e-01
-9.72360551e-01
-9.71639514e-01
-9.70909357e-01
-9.70170021e-01
-9.69421625e-01
-9.68664050e-01
-9.67897415e-01
-9.67121601e-01
-9.66336727e-01
-9.65542674e-01
-9.64739501e-01
-9.63927269e-01
-9.63105917e-01
-9.62275505e-01
-9.61436093e-01
-9.60587561e-01
-9.59729970e-01
-9.58863378e-01
-9.57987726e-01
-9.57103074e-01
-9.56209421e-01
-9.55306768e-01
-9.54395115e-01
-9.53474462e-01
-9.52544808e-01
-9.51606154e-01
-9.50658500e-01
-9.49701965e-01
-9.48736429e-01
-9.47762012e-01
-9.46778595e-01
-9.45786238e-01
-9.44785058e-01
-9.43774939e-01
-9.42755997e-01
-9.41728115e-01
-9.40691411e-01
-9.39645827e-01
-9.38591361e-01
-9.37528014e-01
-9.36455846e-01
-9.35374856e-01
-9.34285045e-01
-9.33186471e-01
-9.32079077e-01
-9.30962920e-01
-9.29838061e-01
-9.28704381e-01
-9.27561998e-01
-9.26410794e-01
-9.25250888e-01
-9.24082220e-01
-9.22904909e-01
-9.21718836e-01
-9.20524120e-01
-9.19320703e-01
-9.18108702e-01
-9.16887999e-01
-9.15658712e-01
-9.14420784e-01
-9.13174212e-01
-9.11919057e-01
-9.10655260e-01
-9.09382880e-01
-9.08101916e-01
-9.06812429e-01
-9.05514419e-01
-9.04207945e-01
-9.02892888e-01
-9.01569366e-01
-9.00237262e-01
-8.98896694e-01
-8.97547662e-01
-8.96190166e-01
-8.94824207e-01
-8.93449903e-01
-8.92067134e-01
-8.90676022e-01
-8.89276445e-01
-8.87868524e-01
-8.86452198e-01
-8.85027528e-01
-8.83594513e-01
-8.82153213e-01
-8.80703568e-01
-8.79245698e-01
-8.77779484e-01
-8.76305044e-01
-8.74822259e-01
-8.73331249e-01
-8.71832013e-01
-8.70324552e-01
-8.68808985e-01
-8.67285192e-01
-8.65753233e-01
-8.64213109e-01
-8.62664819e-01
-8.61108422e-01
-8.59543860e-01
-8.57971191e-01
-8.56390476e-01
-8.54801714e-01
-8.53204966e-01
-8.51600111e-01
-8.49987268e-01
-8.48366320e-01
-8.46737444e-01
-8.45100522e-01
-8.43455732e-01
-8.41802955e-01
-8.40142310e-01
-8.38473678e-01
-8.36797178e-01
-8.35112751e-01
-8.33420396e-01
-8.31720293e-01
-8.30012321e-01
-8.28296602e-01
-8.26573014e-01
-8.24841678e-01
-8.23102474e-01
-8.21355581e-01
-8.19600880e-01
-8.17838550e-01
-8.16068470e-01
-8.14290762e-01
-8.12505364e-01
-8.10712278e-01
-8.08911562e-01
-8.07103217e-01
-8.05287302e-01
-8.03463757e-01
-8.01632702e-01
-7.99794018e-01
-7.97947824e-01
-7.96094060e-01
-7.94232845e-01
-7.92364180e-01
-7.90488064e-01
-7.88604498e-01
-7.86713481e-01
-7.84815013e-01
-7.82909155e-01
-7.80995905e-01
-7.79075384e-01
-7.77147472e-01
-7.75212288e-01
-7.73269713e-01
-7.71319866e-01
-7.69362748e-01
-7.67398417e-01
-7.65426874e-01
-7.63448119e-01
-7.61462152e-01
-7.59468973e-01
-7.57468641e-01
-7.55461216e-01
-7.53446639e-01
-7.51425028e-01
-7.49396265e-01
-7.47360468e-01
-7.45317578e-01
-7.43267715e-01
-7.41210878e-01
-7.39147067e-01
-7.37076283e-01
-7.34998524e-01
-7.32913792e-01
-7.30822206e-01
-7.28723764e-01
-7.26618469e-01
-7.24506319e-01
-7.22387254e-01
-7.20261395e-01
-7.18128741e-01
-7.15989411e-01
-7.13843346e-01
-7.11690545e-01
-7.09531009e-01
-7.07364738e-01
-7.05191851e-01
-7.03012347e-01
-7.00826228e-01
-6.98633432e-01
-6.96434081e-01
-6.94228113e-01
-6.92015707e-01
-6.89796746e-01
-6.87571347e-01
-6.85339391e-01
-6.83100939e-01
-6.80856049e-01
-6.78604841e-01
-6.76347196e-01
-6.74083233e-01
-6.71812832e-01
-6.69536114e-01
-6.67253077e-01
-6.64963841e-01
-6.62668288e-01
-6.60366535e-01
-6.58058465e-01
-6.55744195e-01
-6.53423786e-01
-6.51097238e-01
-6.48764610e-01
-6.46425784e-01
-6.44080877e-01
-6.41729891e-01
-6.39372945e-01
-6.37009919e-01
-6.34640872e-01
-6.32265806e-01
-6.29884839e-01
-6.27497971e-01
-6.25105202e-01
-6.22706473e-01
-6.20301902e-01
-6.17891431e-01
-6.15475237e-01
-6.13053203e-01
-6.10625386e-01
-6.08191788e-01
-6.05752468e-01
-6.03307486e-01
-6.00856841e-01
-5.98400533e-01
-5.95938563e-01
-5.93470871e-01
-5.90997696e-01
-5.88518918e-01
-5.86034656e-01
-5.83544791e-01
-5.81049442e-01
-5.78548670e-01
-5.76042414e-01
-5.73530793e-01
-5.71013689e-01
-5.68491220e-01
-5.65963387e-01
-5.63430250e-01
-5.60891807e-01
-5.58348060e-01
-5.55799007e-01
-5.53244770e-01
-5.50685346e-01
-5.48120737e-01
-5.45550942e-01
-5.42975962e-01
-5.40395856e-01
-5.37810743e-01
-5.35220563e-01
-5.32625318e-01
-5.30025005e-01
-5.27419746e-01
-5.24809539e-01
-5.22194386e-01
-5.19574225e-01
-5.16949236e-01
-5.14319360e-01
-5.11684656e-01
-5.09045124e-01
-5.06400764e-01
-5.03751636e-01
-5.01097739e-01
-4.98439193e-01
-4.95775938e-01
-4.93108004e-01
-4.90435421e-01
-4.87758219e-01
-4.85076427e-01
-4.82390046e-01
-4.79699135e-01
-4.77003694e-01
-4.74303752e-01
-4.71599370e-01
-4.68890548e-01
-4.66177285e-01
-4.63459641e-01
-4.60737586e-01
-4.58011240e-01
-4.55280572e-01
-4.52545613e-01
-4.49806392e-01
-4.47062939e-01
-4.44315255e-01
-4.41563368e-01
-4.38807338e-01
-4.36047167e-01
-4.33282912e-01
-4.30514574e-01
-4.27742183e-01
-4.24965739e-01
-4.22185302e-01
-4.19400871e-01
-4.16612506e-01
-4.13820207e-01
-4.11024034e-01
-4.08223957e-01
-4.05420065e-01
-4.02612329e-01
-3.99800807e-01
-3.96985531e-01
-3.94166499e-01
-3.91343743e-01
-3.88517320e-01
-3.85687232e-01
-3.82853508e-01
-3.80016178e-01
-3.77175272e-01
-3.74330819e-01
-3.71482790e-01
-3.68631303e-01
-3.65776360e-01
-3.62917960e-01
-3.60056102e-01
-3.57190877e-01
-3.54322284e-01
-3.51450354e-01
-3.48575145e-01
-3.45696598e-01
-3.42814833e-01
-3.39929819e-01
-3.37041616e-01
-3.34150195e-01
-3.31255674e-01
-3.28358024e-01
-3.25457275e-01
-3.22553456e-01
-3.19646597e-01
-3.16736728e-01
-3.13823879e-01
-3.10908079e-01
-3.07989329e-01
-3.05067688e-01
-3.02143186e-01
-2.99215823e-01
-2.96285629e-01
-2.93352664e-01
-2.90416926e-01
-2.87478477e-01
-2.84537286e-01
-2.81593442e-01
-2.78646916e-01
-2.75697798e-01
-2.72746056e-01
-2.69791752e-01
-2.66834915e-01
-2.63875544e-01
-2.60913700e-01
-2.57949352e-01
-2.54982620e-01
-2.52013475e-01
-2.49041975e-01
-2.46068120e-01
-2.43091941e-01
-2.40113482e-01
-2.37132758e-01
-2.34149799e-01
-2.31164634e-01
-2.28177294e-01
-2.25187793e-01
-2.22196177e-01
-2.19202459e-01
-2.16206685e-01
-2.13208869e-01
-2.10209027e-01
-2.07207233e-01
-2.04203472e-01
-2.01197788e-01
-1.98190212e-01
-1.95180759e-01
-1.92169487e-01
-1.89156398e-01
-1.86141521e-01
-1.83124900e-01
-1.80106550e-01
-1.77086487e-01
-1.74064770e-01
-1.71041414e-01
-1.68016449e-01
-1.64989904e-01
-1.61961794e-01
-1.58932164e-01
-1.55901030e-01
-1.52868435e-01
-1.49834394e-01
-1.46798939e-01
-1.43762097e-01
-1.40723899e-01
-1.37684375e-01
-1.34643570e-01
-1.31601483e-01
-1.28558159e-01
-1.25513613e-01
-1.22467905e-01
-1.19421043e-01
-1.16373055e-01
-1.13323964e-01
-1.10273808e-01
-1.07222609e-01
-1.04170404e-01
-1.01117216e-01
-9.80630815e-02
-9.50080156e-02
-9.19520557e-02
-8.88952315e-02
-8.58375728e-02
-8.27791020e-02
-7.97198489e-02
-7.66598433e-02
-7.35991150e-02
-7.05376938e-02
-6.74756020e-02
-6.44128844e-02
-6.13495559e-02
-5.82856499e-02
-5.52211963e-02
-5.21562248e-02
-4.90907617e-02
-4.60248329e-02
-4.29584719e-02
-3.98917049e-02
-3.68245617e-02
-3.37570719e-02
-3.06892600e-02
-2.76211854e-02
-2.45528370e-02
-2.14839298e-02
-1.84143204e-02
-1.53484652e-02
-1.23051973e-02
-9.32712387e-03
-6.47266302e-03
-3.78319016e-03
-1.24112132e-03
1.24112132e-03
3.78319016e-03
