-3.62102874e-03
-1.17215072e-03
1.17215072e-03
3.62102874e-03
6.31557219e-03
9.23351478e-03
1.22735584e-02
1.53445313e-02
1.84158999e-02
2.14842875e-02
2.45529264e-02
2.76213028e-02
3.06894202e-02
3.37572470e-02
3.68247591e-02
3.98919247e-02
4.29587141e-02
4.60250974e-02
4.90910485e-02
5.21565340e-02
5.52215278e-02
5.82860038e-02
6.13499321e-02
6.44132793e-02
6.74760193e-02
7.05381259e-02
7.35995695e-02
7.66603202e-02
7.97203481e-02
8.27796236e-02
8.58381167e-02
8.88957977e-02
9.19526443e-02
9.50086266e-02
9.80637148e-02
1.01117872e-01
1.04171082e-01
1.07223310e-01
1.10274531e-01
1.13324709e-01
1.16373822e-01
1.19421840e-01
1.22468732e-01
1.25514463e-01
1.28559023e-01
1.31602362e-01
1.34644464e-01
1.37685299e-01
1.40724838e-01
1.43763050e-01
1.46799907e-01
1.49835378e-01
1.52869448e-01
1.55902073e-01
1.58933222e-01
1.61962882e-01
1.64991006e-01
1.68017581e-01
1.71042576e-01
1.74065948e-01
1.77087694e-01
1.80107772e-01
1.83126137e-01
1.86142787e-01
1.89157680e-01
1.92170784e-01
1.95182085e-01
1.98191553e-01
2.01199159e-01
2.04204857e-01
2.07208633e-01
2.10210472e-01
2.13210315e-01
2.16208145e-01
2.19203949e-01
2.22197682e-01
2.25189328e-01
2.28178844e-01
2.31166214e-01
2.34151393e-01
2.37134382e-01
2.40115136e-01
2.43093625e-01
2.46069819e-01
2.49043703e-01
2.52015233e-01
2.54984409e-01
2.57951140e-01
2.60915488e-01
2.63877332e-01
2.66836733e-01
2.69793600e-01
2.72747934e-01
2.75699675e-01
2.78648823e-01
2.81595349e-01
2.84539253e-01
2.87480444e-01
2.90418923e-01
2.93354690e-01
2.96287656e-01
2.99217880e-01
3.02145243e-01
3.05069804e-01
3.07991445e-01
3.10910225e-01
3.13826025e-01
3.16738904e-01
3.19648802e-01
3.22555661e-01
3.25459510e-01
3.28360289e-01
3.31257969e-01
3.34152520e-01
3.37043911e-01
3.39932144e-01
3.42817187e-01
3.45698982e-01
3.48577529e-01
3.51452798e-01
3.54324728e-01
3.57193351e-01
3.60058606e-01
3.62920433e-01
3.65778863e-01
3.68633866e-01
3.71485382e-01
3.74333382e-01
3.77177864e-01
3.80018800e-01
3.82856160e-01
3.85689914e-01
3.88520002e-01
3.91346455e-01
3.94169211e-01
3.96988273e-01
3.99803579e-01
4.02615130e-01
4.05422866e-01
4.08226788e-01
4.11026865e-01
4.13823098e-01
4.16615397e-01
4.19403791e-01
4.22188222e-01
4.24968690e-01
4.27745163e-01
4.30517584e-01
4.33285952e-01
4.36050206e-01
4.38810408e-01
4.41566437e-01
4.44318324e-01
4.47066009e-01
4.49809492e-01
4.52548742e-01
4.55283731e-01
4.58014429e-01
4.60740805e-01
4.63462830e-01
4.66180503e-01
4.68893796e-01
4.71602648e-01
4.74307090e-01
4.77007031e-01
4.79702473e-01
4.82393414e-01
4.85079795e-01
4.87761617e-01
4.90438849e-01
4.93111432e-01
4.95779395e-01
4.98442680e-01
5.01101255e-01
5.03755152e-01
5.06404281e-01
5.09048641e-01
5.11688173e-01
5.14322877e-01
5.16952753e-01
5.19577861e-01
5.22197962e-01
5.24813175e-01
5.27423382e-01
5.30028701e-01
5.32629013e-01
5.35224319e-01
5.37814498e-01
5.40399671e-01
5.42979717e-01
5.45554757e-01
5.48124552e-01
5.50689220e-01
5.53248644e-01
5.55802941e-01
5.58351994e-01
5.60895741e-01
5.63434184e-01
5.65967321e-01
5.68495154e-01
5.71017683e-01
5.73534727e-01
5.76046407e-01
5.78552663e-01
5.81053495e-01
5.83548903e-01
5.86038709e-01
5.88523030e-01
5.91001749e-01
5.93474984e-01
5.95942616e-01
5.98404646e-01
6.00860953e-01
6.03311658e-01
6.05756700e-01
6.08196080e-01
6.10629678e-01
6.13057494e-01
6.15479529e-01
6.17895782e-01
6.20306253e-01
6.22710824e-01
6.25109553e-01
6.27502322e-01
6.29889250e-01
6.32270277e-01
6.34645283e-01
6.37014329e-01
6.39377356e-01
6.41734362e-01
6.44085348e-01
6.46430314e-01
6.48769140e-01
6.51101828e-01
6.53428376e-01
6.55748785e-01
6.58063054e-01
6.60371125e-01
6.62672937e-01
6.64968491e-01
6.67257786e-01
6.69540763e-01
6.71817541e-01
6.74087882e-01
6.76351905e-01
6.78609550e-01
6.80860817e-01
6.83105707e-01
6.85344160e-01
6.87576115e-01
6.89801574e-01
6.92020535e-01
6.94233000e-01
6.96438909e-01
6.98638320e-01
7.00831056e-01
7.03017235e-01
7.05196738e-01
7.07369685e-01
7.09535956e-01
7.11695552e-01
7.13848412e-01
7.15994477e-01
7.18133867e-01
7.20266461e-01
7.22392321e-01
7.24511325e-01
7.26623535e-01
7.28728831e-01
7.30827332e-01
7.32918918e-01
7.35003650e-01
7.37081409e-01
7.39152253e-01
7.41216063e-01
7.43272960e-01
7.45322824e-01
7.47365713e-01
7.49401510e-01
7.51430273e-01
7.53451884e-01
7.55466461e-01
7.57473946e-01
7.59474277e-01
7.61467457e-01
7.63453424e-01
7.65432179e-01
7.67403781e-01
7.69368112e-01
7.71325231e-01
7.73275137e-01
7.75217652e-01
7.77152896e-01
7.79080808e-01
7.81001389e-01
7.82914639e-01
7.84820497e-01
7.86718965e-01
7.88609982e-01
7.90493608e-01
7.92369723e-01
7.94238448e-01
7.96099663e-01
7.97953427e-01
7.99799621e-01
8.01638305e-01
8.03469360e-01
8.05292904e-01
8.07108879e-01
8.08917224e-01
8.10718000e-01
8.12511086e-01
8.14296544e-01
8.16074252e-01
8.17844331e-01
8.19606662e-01
8.21361363e-01
8.23108256e-01
8.24847460e-01
8.26578796e-01
8.28302383e-01
8.30018163e-01
8.31726134e-01
8.33426297e-01
8.35118592e-01
8.36803019e-01
8.38479578e-01
8.40148211e-01
8.41808915e-01
8.43461633e-01
8.45106483e-01
8.46743345e-01
8.48372281e-01
8.49993169e-01
8.51606131e-01
8.53210986e-01
8.54807794e-01
8.56396556e-01
8.57977271e-01
8.59549880e-01
8.61114442e-01
8.62670898e-01
8.64219189e-01
8.65759313e-01
8.67291272e-01
8.68815064e-01
8.70330691e-01
8.71838212e-01
8.73337448e-01
8.74828398e-01
8.76311183e-01
8.77785623e-01
8.79251838e-01
8.80709767e-01
8.82159412e-01
8.83600771e-01
8.85033786e-01
8.86458457e-01
8.87874782e-01
8.89282763e-01
8.90682340e-01
8.92073512e-01
8.93456221e-01
8.94830585e-01
8.96196485e-01
8.97553980e-01
8.98903012e-01
9.00243640e-01
9.01575685e-01
9.02899265e-01
9.04214323e-01
9.05520856e-01
9.06818867e-01
9.08108354e-01
9.09389257e-01
9.10661638e-01
9.11925435e-01
9.13180649e-01
9.14427221e-01
9.15665209e-01
9.16894495e-01
9.18115199e-01
9.19327199e-01
9.20530617e-01
9.21725333e-01
9.22911406e-01
9.24088717e-01
9.25257385e-01
9.26417351e-01
9.27568495e-01
9.28710938e-01
9.29844558e-01
9.30969477e-01
9.32085633e-01
9.33193028e-01
9.34291661e-01
9.35381472e-01
9.36462462e-01
9.37534630e-01
9.38597918e-01
9.39652443e-01
9.40698087e-01
9.41734791e-01
9.42762673e-01
9.43781614e-01
9.44791734e-01
9.45792913e-01
9.46785271e-01
9.47768629e-01
9.48743165e-01
9.49708641e-01
9.50665236e-01
9.51612830e-01
9.52551484e-01
9.53481197e-01
9.54401851e-01
9.55313504e-01
9.56216156e-01
9.57109809e-01
9.57994461e-01
9.58870113e-01
9.59736764e-01
9.60594296e-01
9.61442828e-01
9.62282300e-01
9.63112712e-01
9.63934004e-01
9.64746237e-01
9.65549409e-01
9.66343462e-01
9.67128396e-01
9.67904210e-01
9.68670905e-01
9.69428480e-01
9.70176935e-01
9.70916212e-01
9.71646369e-01
9.72367406e-01
9.73079205e-01
9.73781943e-01
9.74475443e-01
9.75159824e-01
9.75834966e-01
9.76500869e-01
9.77157652e-01
9.77805138e-01
9.78443503e-01
9.79072571e-01
9.79692459e-01
9.80303049e-01
9.80904460e-01
9.81496632e-01
9.82079566e-01
9.82653260e-01
9.83217657e-01
9.83772814e-01
9.84318674e-01
9.84855294e-01
9.85382617e-01
9.85900700e-01
9.86409426e-01
9.86908913e-01
9.87399101e-01
9.87879932e-01
9.88351524e-01
9.88813758e-01
9.89266694e-01
9.89710271e-01
9.90144551e-01
9.90569532e-01
9.90985155e-01
9.91391420e-01
9.91788387e-01
9.92175996e-01
9.92554247e-01
9.92923141e-01
9.93282676e-01
9.93632853e-01
9.93973613e-01
9.94305074e-01
9.94627118e-01
9.94939864e-01
9.95243192e-01
9.95537221e-01
9.95821774e-01
9.96097028e-01
9.96362805e-01
9.96619284e-01
9.96866286e-01
9.97103989e-01
9.97332215e-01
9.97551084e-01
9.97760534e-01
9.97960627e-01
9.98151243e-01
9.98332500e-01
9.98504400e-01
9.98666823e-01
9.98819888e-01
9.98963475e-01
9.99097705e-01
9.99222577e-01
9.99337912e-01
9.99443889e-01
9.99540389e-01
9.99627590e-01
9.99705315e-01
9.99773681e-01
9.99832511e-01
9.99881983e-01
9.99921978e-01
9.99952614e-01
9.99973774e-01
9.99985576e-01
9.99987900e-01
9.99980867e-01
9.99964416e-01
9.99938428e-01
9.99903142e-01
9.99858379e-01
9.99804258e-01
9.99740601e-01
9.99667645e-01
9.99585152e-01
9.99493301e-01
9.99392033e-01
9.99281406e-01
9.99161303e-01
9.99031842e-01
9.98892844e-01
9.98744547e-01
9.98586774e-01
9.98419642e-01
9.98243034e-01
9.98057127e-01
9.97861743e-01
9.97657001e-01
9.97442842e-01
9.97219265e-01
9.96986330e-01
9.96743977e-01
9.96492207e-01
9.96231079e-01
9.95960534e-01
9.95680690e-01
9.95391369e-01
9.95092750e-01
9.94784713e-01
9.94467258e-01
9.94140506e-01
9.93804336e-01
9.93458867e-01
9.93103981e-01
9.92739797e-01
9.92366254e-01
9.91983354e-01
9.91591096e-01
9.91189480e-01
9.90778506e-01
9.90358233e-01
9.89928603e-01
9.89489675e-01
9.89041388e-01
9.88583803e-01
9.88116920e-01
9.87640679e-01
9.87155139e-01
9.86660361e-01
9.86156225e-01
9.85642791e-01
9.85120118e-01
9.84588146e-01
9.84046876e-01
9.83496368e-01
9.82936561e-01
9.82367516e-01
9.81789231e-01
9.81201708e-01
9.80604947e-01
9.79998946e-01
9.79383707e-01
9.78759229e-01
9.78125453e-01
9.77482557e-01
9.76830423e-01
9.76169050e-01
9.75498557e-01
9.74818766e-01
9.74129856e-01
9.73431706e-01
9.72724438e-01
9.72008049e-01
9.71282423e-01
9.70547736e-01
9.69803810e-01
9.69050825e-01
9.68288660e-01
9.67517436e-01
9.66737032e-01
9.65947568e-01
9.65148985e-01
9.64341283e-01
9.63524520e-01
9.62698638e-01
9.61863697e-01
9.61019695e-01
9.60166693e-01
9.59304571e-01
9.58433449e-01
9.57553267e-01
9.56664085e-01
9.55765903e-01
9.54858780e-01
9.53942597e-01
9.53017473e-01
9.52083290e-01
9.51140165e-01
9.50188041e-01
9.49227035e-01
9.48256969e-01
9.47278082e-01
9.46290195e-01
9.45293486e-01
9.44287777e-01
9.43273246e-01
9.42249835e-01
9.41217542e-01
9.40176368e-01
9.39126313e-01
9.38067377e-01
9.36999619e-01
9.35923040e-01
9.34837639e-01
9.33743477e-01
9.32640493e-01
9.31528747e-01
9.30408180e-01
9.29278910e-01
9.28140819e-01
9.26994026e-01
9.25838470e-01
9.24674153e-01
9.23501194e-01
9.22319472e-01
9.21129107e-01
9.19929981e-01
9.18722272e-01
9.17505920e-01
9.16280925e-01
9.15047288e-01
9.13805008e-01
9.12554145e-01
9.11294639e-01
9.10026550e-01
9.08749878e-01
9.07464683e-01
9.06170964e-01
9.04868662e-01
9.03557897e-01
9.02238548e-01
9.00910735e-01
8.99574399e-01
8.98229599e-01
8.96876276e-01
8.95514607e-01
8.94144416e-01
8.92765880e-01
8.91378939e-01
8.89983594e-01
8.88579845e-01
8.87167692e-01
8.85747194e-01
8.84318292e-01
8.82881105e-01
8.81435633e-01
8.79981875e-01
8.78519833e-01
8.77049506e-01
8.75570834e-01
8.74083996e-01
8.72588813e-01
8.71085465e-01
8.69573951e-01
8.68054211e-01
8.66526365e-01
8.64990294e-01
8.63446057e-01
8.61893713e-01
8.60333204e-01
8.58764589e-01
8.57187927e-01
8.55603158e-01
8.54010403e-01
8.52409542e-01
8.50800693e-01
8.49183738e-01
8.47558856e-01
8.45925927e-01
8.44285071e-01
8.42636228e-01
8.40979517e-01
8.39314878e-01
8.37642312e-01
8.35961819e-01
8.34273458e-01
8.32577229e-01
8.30873191e-01
8.29161346e-01
8.27441633e-01
8.25714171e-01
8.23978841e-01
8.22235823e-01
8.20484996e-01
8.18726480e-01
8.16960275e-01
8.15186381e-01
8.13404799e-01
8.11615527e-01
8.09818566e-01
8.08014035e-01
8.06201875e-01
8.04382145e-01
8.02554846e-01
8.00719976e-01
7.98877478e-01
7.97027528e-01
7.95170009e-01
7.93305039e-01
7.91432619e-01
7.89552748e-01
7.87665427e-01
7.85770655e-01
7.83868492e-01
7.81958938e-01
7.80042052e-01
7.78117836e-01
7.76186228e-01
7.74247348e-01
7.72301078e-01
7.70347595e-01
7.68386841e-01
7.66418934e-01
7.64443755e-01
7.62461364e-01
7.60471761e-01
7.58475006e-01
7.56471097e-01
7.54460096e-01
7.52442002e-01
7.50416815e-01
7.48384535e-01
7.46345162e-01
7.44298816e-01
7.42245436e-01
7.40185082e-01
7.38117754e-01
7.36043453e-01
7.33962178e-01
7.31873989e-01
7.29778945e-01
7.27677047e-01
7.25568295e-01
7.23452687e-01
7.21330285e-01
7.19201028e-01
7.17064977e-01
7.14922249e-01
7.12772787e-01
7.10616589e-01
7.08453655e-01
7.06284046e-01
7.04107821e-01
7.01924980e-01
6.99735522e-01
6.97539449e-01
6.95336819e-01
6.93127573e-01
6.90911889e-01
6.88689649e-01
6.86460972e-01
6.84225738e-01
6.81984067e-01
6.79736018e-01
6.77481592e-01
6.75220788e-01
6.72953546e-01
6.70679986e-01
6.68400049e-01
6.66113913e-01
6.63821459e-01
6.61522806e-01
6.59217894e-01
6.56906724e-01
6.54589355e-01
6.52265906e-01
6.49936259e-01
6.47600532e-01
6.45258605e-01
6.42910659e-01
6.40556633e-01
6.38196647e-01
6.35830581e-01
6.33458555e-01
6.31080508e-01
6.28696561e-01
6.26306713e-01
6.23910964e-01
6.21509254e-01
6.19101763e-01
6.16688371e-01
6.14269257e-01
6.11844301e-01
6.09413624e-01
6.06977105e-01
6.04534924e-01
6.02087080e-01
5.99633574e-01
5.97174406e-01
5.94709516e-01
5.92239082e-01
5.89763105e-01
5.87281585e-01
5.84794521e-01
5.82301915e-01
5.79803824e-01
5.77300310e-01
5.74791312e-01
5.72276950e-01
5.69757104e-01
5.67231953e-01
5.64701438e-01
5.62165678e-01
5.59624553e-01
5.57078123e-01
5.54526448e-01
5.51969588e-01
5.49407542e-01
5.46840310e-01
5.44267952e-01
5.41690350e-01
5.39107740e-01
5.36520064e-01
5.33927321e-01
5.31329513e-01
5.28726697e-01
5.26118934e-01
5.23506224e-01
5.20888567e-01
5.18265903e-01
5.15638471e-01
5.13006151e-01
5.10369062e-01
5.07727087e-01
5.05080342e-01
5.02428830e-01
4.99772578e-01
4.97111619e-01
4.94446009e-01
4.91775751e-01
4.89100844e-01
4.86421287e-01
4.83737200e-01
4.81048524e-01
4.78355318e-01
4.75657642e-01
4.72955436e-01
4.70248818e-01
4.67537731e-01
4.64822263e-01
4.62102383e-01
4.59378183e-01
4.56649631e-01
4.53916788e-01
4.51179683e-01
4.48438287e-01
4.45692718e-01
4.42942917e-01
4.40188944e-01
4.37430859e-01
4.34668601e-01
4.31902289e-01
4.29131866e-01
4.26357448e-01
4.23578978e-01
4.20796543e-01
4.18010116e-01
4.15219754e-01
4.12425518e-01
4.09627348e-01
4.06825364e-01
4.04019505e-01
4.01209861e-01
3.98396403e-01
3.95579249e-01
3.92758340e-01
3.89933735e-01
3.87105465e-01
3.84273499e-01
3.81437957e-01
3.78598809e-01
3.75756115e-01
3.72909844e-01
3.70060086e-01
3.67206812e-01
3.64350110e-01
3.61489981e-01
3.58626395e-01
3.55759472e-01
3.52889210e-01
3.50015610e-01
3.47138673e-01
3.44258517e-01
3.41375113e-01
3.38488460e-01
3.35598648e-01
3.32705647e-01
3.29809546e-01
3.26910317e-01
3.24008018e-01
3.21102619e-01
3.18194240e-01
3.15282881e-01
3.12368542e-01
3.09451222e-01
3.06531012e-01
3.03607911e-01
3.00681949e-01
2.97753185e-01
2.94821560e-01
2.91887194e-01
2.88950056e-01
2.86010206e-01
2.83067673e-01
2.80122459e-01
2.77174592e-01
2.74224132e-01
2.71271080e-01
2.68315494e-01
2.65357375e-01
2.62396753e-01
2.59433657e-01
2.56468087e-01
2.53500134e-01
2.50529766e-01
2.47557074e-01
2.44582042e-01
2.41604701e-01
2.38625064e-01
2.35643193e-01
2.32659101e-01
2.29672819e-01
2.26684362e-01
2.23693788e-01
2.20701098e-01
2.17706323e-01
2.14709505e-01
2.11710662e-01
2.08709821e-01
2.05707014e-01
2.02702284e-01
1.99695632e-01
1.96687102e-01
1.93676710e-01
1.90664500e-01
1.87650487e-01
1.84634715e-01
1.81617200e-01
1.78597957e-01
1.75577059e-01
1.72554493e-01
1.69530302e-01
1.66504517e-01
1.63477153e-01
1.60448253e-01
1.57417849e-01
1.54385954e-01
1.51352614e-01
1.48317844e-01
1.45281672e-01
1.42244130e-01
1.39205262e-01
1.36165082e-01
1.33123606e-01
1.30080879e-01
1.27036929e-01
1.23991780e-01
1.20945461e-01
1.17898002e-01
1.14849433e-01
1.11799784e-01
1.08749077e-01
1.05697356e-01
1.02644630e-01
9.95909423e-02
9.65363085e-02
9.34807807e-02
9.04243588e-02
8.73670951e-02
8.43089968e-02
8.12501088e-02
7.81904534e-02
7.51300603e-02
7.20689595e-02
6.90071806e-02
6.59447536e-02
6.28817081e-02
5.98180667e-02
5.67538626e-02
5.36891259e-02
5.06238788e-02
4.75581586e-02
4.44919914e-02
4.14253995e-02
3.83584201e-02
3.52910794e-02
3.22234035e-02
2.91554276e-02
2.60871761e-02
2.30186787e-02
1.99499633e-02
1.68810617e-02
1.38119999e-02
1.07428087e-02
7.67351547e-03
4.60415008e-03
1.53474137e-03
-1.53468177e-03
-4.60409047e-03
-7.67345587e-03
-1.07427491e-02
-1.38119403e-02
-1.68810021e-02
-1.99499037e-02
-2.30186190e-02
-2.60871165e-02
-2.91553680e-02
-3.22233438e-02
-3.52910198e-02
-3.83583605e-02
-4.14253399e-02
-4.44919318e-02
-4.75580990e-02
-5.06238192e-02
-5.36890663e-02
-5.67538030e-02
-5.98180071e-02
-6.28816485e-02
-6.59446940e-02
-6.90071210e-02
-7.20688999e-02
-7.51300007e-02
-7.81903937e-02
-8.12500492e-02
-8.43089372e-02
-8.73670354e-02
-9.04242992e-02
-9.34807211e-02
-9.65362489e-02
-9.95908827e-02
-1.02644570e-01
-1.05697297e-01
-1.08749017e-01
-1.11799724e-01
-1.14849374e-01
-1.17897943e-01
-1.20945401e-01
-1.23991720e-01
-1.27036870e-01
-1.30080819e-01
-1.33123547e-01
-1.36165023e-01
-1.39205202e-01
-1.42244071e-01
-1.45281613e-01
-1.48317784e-01
-1.51352555e-01
-1.54385895e-01
-1.57417789e-01
-1.60448194e-01
-1.63477093e-01
-1.66504458e-01
-1.69530243e-01
-1.72554433e-01
-1.75577000e-01
-1.78597897e-01
-1.81617141e-01
-1.84634656e-01
-1.87650427e-01
-1.90664440e-01
-1.93676651e-01
-1.96687043e-01
-1.99695572e-01
-2.02702224e-01
-2.05706954e-01
-2.08709762e-01
-2.11710602e-01
-2.14709446e-01
-2.17706263e-01
-2.20701039e-01
-2.23693728e-01
-2.26684317e-01
-2.29672760e-01
-2.32659042e-01
-2.35643134e-01
-2.38625020e-01
-2.41604641e-01
-2.44581982e-01
-2.47557014e-01
-2.50529706e-01
-2.53500074e-01
-2.56468028e-01
-2.59433597e-01
-2.62396693e-01
-2.65357316e-01
-2.68315434e-01
-2.71271020e-01
-2.74224073e-01
-2.77174532e-01
-2.80122399e-01
-2.83067614e-01
-2.86010146e-01
-2.88949996e-01
-2.91887134e-01
-2.94821501e-01
-2.97753125e-01
-3.00681889e-01
-3.03607851e-01
-3.06530952e-01
-3.09451193e-01
-3.12368482e-01
-3.15282822e-01
-3.18194211e-01
-3.21102589e-01
-3.24007958e-01
-3.26910257e-01
-3.29809487e-01
-3.32705587e-01
-3.35598588e-01
-3.38488400e-01
-3.41375053e-01
-3.44258457e-01
-3.47138613e-01
-3.50015551e-01
-3.52889150e-01
-3.55759412e-01
-3.58626336e-01
-3.61489922e-01
-3.64350051e-01
-3.67206782e-01
-3.70060027e-01
-3.72909784e-01
-3.75756025e-01
-3.78598750e-01
-3.81437898e-01
-3.84273440e-01
-3.87105405e-01
-3.89933676e-01
-3.92758280e-01
-3.95579189e-01
-3.98396343e-01
-4.01209801e-01
-4.04019445e-01
-4.06825304e-01
-4.09627318e-01
-4.12425458e-01
-4.15219724e-01
-4.18010086e-01
-4.20796484e-01
-4.23578918e-01
-4.26357388e-01
-4.29131836e-01
-4.31902230e-01
-4.34668571e-01
-4.37430799e-01
-4.40188915e-01
-4.42942888e-01
-4.45692658e-01
-4.48438257e-01
-4.51179624e-01
-4.53916758e-01
-4.56649572e-01
-4.59378123e-01
-4.62102324e-01
-4.64822203e-01
-4.67537671e-01
-4.70248759e-01
-4.72955406e-01
-4.75657582e-01
-4.78355289e-01
-4.81048495e-01
-4.83737141e-01
-4.86421257e-01
-4.89100784e-01
-4.91775692e-01
-4.94445980e-01
-4.97111589e-01
-4.99772519e-01
-5.02428770e-01
-5.05080283e-01
-5.07727027e-01
-5.10369003e-01
-5.13006091e-01
-5.15638411e-01
-5.18265843e-01
-5.20888507e-01
-5.23506165e-01
-5.26118875e-01
-5.28726637e-01
-5.31329453e-01
-5.33927262e-01
-5.36520004e-01
-5.39107680e-01
-5.41690290e-01
-5.44267893e-01
-5.46840250e-01
-5.49407482e-01
-5.51969528e-01
-5.54526389e-01
-5.57078063e-01
-5.59624493e-01
-5.62165618e-01
-5.64701378e-01
-5.67231894e-01
-5.69757044e-01
-5.72276890e-01
-5.74791253e-01
-5.77300251e-01
-5.79803765e-01
-5.82301855e-01
-5.84794462e-01
-5.87281525e-01
-5.89763045e-01
-5.92239022e-01
-5.94709516e-01
-5.97174346e-01
-5.99633574e-01
-6.02087080e-01
-6.04534924e-01
-6.06977105e-01
-6.09413564e-01
-6.11844242e-01
-6.14269137e-01
-6.16688311e-01
-6.19101644e-01
-6.21509254e-01
-6.23910904e-01
-6.26306653e-01
-6.28696501e-01
-6.31080449e-01
-6.33458495e-01
-6.35830581e-01
-6.38196588e-01
-6.40556633e-01
-6.42910600e-01
-6.45258605e-01
-6.47600472e-01
-6.49936259e-01
-6.52265847e-01
-6.54589355e-01
-6.56906664e-01
-6.59217834e-01
-6.61522746e-01
-6.63821459e-01
-6.66113853e-01
-6.68400049e-01
-6.70679927e-01
-6.72953546e-01
-6.75220728e-01
-6.77481592e-01
-6.79736018e-01
-6.81984067e-01
-6.84225738e-01
-6.86460912e-01
-6.88689649e-01
-6.90911829e-01
-6.93127573e-01
-6.95336759e-01
-6.97539449e-01
-6.99735522e-01
-7.01924980e-01
-7.04107821e-01
-7.06284046e-01
-7.08453655e-01
-7.10616529e-01
-7.12772727e-01
-7.14922190e-01
-7.17064917e-01
-7.19200969e-01
-7.21330166e-01
-7.23452687e-01
-7.25568295e-01
-7.27677047e-01
-7.29778945e-01
-7.31873989e-01
-7.33962119e-01
-7.36043394e-01
-7.38117695e-01
-7.40185022e-01
-7.42245376e-01
-7.44298756e-01
-7.46345162e-01
-7.48384476e-01
-7.50416815e-01
-7.52442002e-01
-7.54460096e-01
-7.56471097e-01
-7.58475006e-01
-7.60471761e-01
-7.62461364e-01
-7.64443755e-01
-7.66418934e-01
-7.68386841e-01
-7.70347595e-01
-7.72301078e-01
-7.74247289e-01
-7.76186228e-01
-7.78117776e-01
-7.80042052e-01
-7.81958938e-01
-7.83868492e-01
-7.85770655e-01
-7.87665427e-01
-7.89552748e-01
-7.91432619e-01
-7.93305039e-01
-7.95170009e-01
-7.97027469e-01
-7.98877478e-01
-8.00719917e-01
-8.02554786e-01
-8.04382086e-01
-8.06201816e-01
-8.08013976e-01
-8.09818566e-01
-8.11615467e-01
-8.13404739e-01
-8.15186322e-01
-8.16960216e-01
-8.18726420e-01
-8.20484996e-01
-8.22235763e-01
-8.23978841e-01
-8.25714111e-01
-8.27441633e-01
-8.29161286e-01
-8.30873132e-01
-8.32577169e-01
-8.34273398e-01
-8.35961759e-01
-8.37642252e-01
-8.39314818e-01
-8.40979457e-01
-8.42636228e-01
-8.44285011e-01
-8.45925927e-01
-8.47558796e-01
-8.49183738e-01
-8.50800633e-01
-8.52409542e-01
-8.54010344e-01
-8.55603158e-01
-8.57187867e-01
-8.58764589e-01
-8.60333204e-01
-8.61893654e-01
-8.63446057e-01
-8.64990294e-01
-8.66526306e-01
-8.68054211e-01
-8.69573891e-01
-8.71085465e-01
-8.72588754e-01
-8.74083877e-01
-8.75570834e-01
-8.77049446e-01
-8.78519833e-01
-8.79981875e-01
-8.81435633e-01
-8.82881105e-01
-8.84318292e-01
-8.85747135e-01
-8.87167633e-01
-8.88579786e-01
-8.89983535e-01
-8.91378880e-01
-8.92765820e-01
-8.94144416e-01
-8.95514548e-01
-8.96876335e-01
-8.98229599e-01
-8.99574399e-01
-9.00910676e-01
-9.02238548e-01
-9.03557837e-01
-9.04868662e-01
-9.06170905e-01
-9.07464683e-01
-9.08749878e-01
-9.10026550e-01
-9.11294639e-01
-9.12554085e-01
-9.13805008e-01
-9.15047288e-01
-9.16280925e-01
-9.17505920e-01
-9.18722272e-01
-9.19929981e-01
-9.21129048e-01
-9.22319472e-01
-9.23501134e-01
-9.24674153e-01
-9.25838411e-01
-9.26994026e-01
-9.28140819e-01
-9.29278910e-01
-9.30408180e-01
-9.31528687e-01
-9.32640433e-01
-9.33743417e-01
-9.34837639e-01
-9.35923040e-01
-9.36999619e-01
-9.38067377e-01
-9.39126253e-01
-9.40176308e-01
-9.41217482e-01
-9.42249775e-01
-9.43273187e-01
-9.44287777e-01
-9.45293427e-01
-9.46290195e-01
-9.47278082e-01
-9.48256969e-01
-9.49226975e-01
-9.50188041e-01
-9.51140106e-01
-9.52083290e-01
-9.53017414e-01
-9.53942597e-01
-9.54858720e-01
-9.55765903e-01
-9.56664085e-01
-9.57553267e-01
-9.58433449e-01
-9.59304571e-01
-9.60166633e-01
-9.61019695e-01
-9.61863697e-01
-9.62698638e-01
-9.63524520e-01
-9.64341283e-01
-9.65148985e-01
-9.65947568e-01
-9.66737032e-01
-9.67517376e-01
-9.68288660e-01
-9.69050765e-01
-9.69803810e-01
-9.70547676e-01
-9.71282423e-01
-9.72008049e-01
-9.72724438e-01
-9.73431706e-01
-9.74129796e-01
-9.74818766e-01
-9.75498497e-01
-9.76169050e-01
-9.76830363e-01
-9.77482557e-01
-9.78125453e-01
-9.78759170e-01
-9.79383707e-01
-9.79998946e-01
-9.80604947e-01
-9.81201708e-01
-9.81789231e-01
-9.82367516e-01
-9.82936561e-01
-9.83496368e-01
-9.84046876e-01
-9.84588146e-01
-9.85120118e-01
-9.85642791e-01
-9.86156225e-01
-9.86660361e-01
-9.87155139e-01
-9.87640679e-01
-9.88116860e-01
-9.88583803e-01
-9.89041388e-01
-9.89489675e-01
-9.89928603e-01
-9.90358233e-01
-9.90778506e-01
-9.91189480e-01
-9.91591096e-01
-9.91983354e-01
-9.92366254e-01
-9.92739797e-01
-9.93103981e-01
-9.93458807e-01
-9.93804336e-01
-9.94140446e-01
-9.94467258e-01
-9.94784653e-01
-9.95092690e-01
-9.95391369e-01
-9.95680630e-01
-9.95960534e-01
-9.96231079e-01
-9.96492207e-01
-9.96743917e-01
-9.96986270e-01
-9.97219265e-01
-9.97442782e-01
-9.97657001e-01
-9.97861743e-01
-9.98057127e-01
-9.98243034e-01
-9.98419642e-01
-9.98586774e-01
-9.98744547e-01
-9.98892903e-01
-9.99031782e-01
-9.99161303e-01
-9.99281347e-01
-9.99392033e-01
-9.99493361e-01
-9.99585152e-01
-9.99667585e-01
-9.99740601e-01
-9.99804258e-01
-9.99858379e-01
-9.99903142e-01
-9.99938428e-01
-9.99964416e-01
-9.99980867e-01
-9.99987960e-01
-9.99985576e-01
-9.99973774e-01
-9.99952614e-01
-9.99921978e-01
-9.99881983e-01
-9.99832511e-01
-9.99773681e-01
-9.99705315e-01
-9.99627590e-01
-9.99540389e-01
-9.99443889e-01
-9.99337912e-01
-9.99222577e-01
-9.99097705e-01
-9.98963535e-01
-9.98819888e-01
-9.98666883e-01
-9.98504400e-01
-9.98332560e-01
-9.98151243e-01
-9.97960627e-01
-9.97760534e-01
-9.97551084e-01
-9.97332215e-01
-9.97103989e-01
-9.96866286e-01
-9.96619284e-01
-9.96362805e-01
-9.96097028e-01
-9.95821774e-01
-9.95537221e-01
-9.95243251e-01
-9.94939864e-01
-9.94627178e-01
-9.94305074e-01
-9.93973672e-01
-9.93632853e-01
-9.93282676e-01
-9.92923141e-01
-9.92554247e-01
-9.92175996e-01
-9.91788387e-01
-9.91391420e-01
-9.90985155e-01
-9.90569532e-01
-9.90144610e-01
-9.89710331e-01
-9.89266694e-01
-9.88813758e-01
-9.88351524e-01
-9.87879932e-01
-9.87399101e-01
-9.86908913e-01
-9.86409426e-01
-9.85900700e-01
-9.85382617e-01
-9.84855294e-01
-9.84318674e-01
-9.83772814e-01
-9.83217657e-01
-9.82653260e-01
-9.82079566e-01
-9.81496632e-01
-9.80904460e-01
-9.80303109e-01
-9.79692459e-01
-9.79072630e-01
-9.78443503e-01
-9.77805197e-01
-9.77157652e-01
-9.76500869e-01
-9.75834966e-01
-9.75159764e-01
-9.74475503e-01
-9.73781943e-01
-9.73079264e-01
-9.72367406e-01
-9.71646428e-01
-9.70916212e-01
-9.70176935e-01
-9.69428480e-01
-9.68670964e-01
-9.67904270e-01
-9.67128456e-01
-9.66343522e-01
-9.65549469e-01
-9.64746296e-01
-9.63934064e-01
-9.63112712e-01
-9.62282300e-01
-9.61442888e-01
-9.60594356e-01
-9.59736764e-01
-9.58870173e-01
-9.57994521e-01
-9.57109869e-01
-9.56216216e-01
-9.55313563e-01
-9.54401851e-01
-9.53481197e-01
-9.52551484e-01
-9.51612830e-01
-9.50665236e-01
-9.49708641e-01
-9.48743165e-01
-9.47768688e-01
-9.46785271e-01
-9.45792973e-01
-9.44791734e-01
-9.43781674e-01
-9.42762673e-01
-9.41734850e-01
-9.40698087e-01
-9.39652443e-01
-9.38597977e-01
-9.37534630e-01
-9.36462462e-01
-9.35381472e-01
-9.34291661e-01
-9.33193088e-01
-9.32085693e-01
-9.30969536e-01
-9.29844618e-01
-9.28710938e-01
-9.27568495e-01
-9.26417351e-01
-9.25257385e-01
-9.24088776e-01
-9.22911406e-01
-9.21725392e-01
-9.20530617e-01
-9.19327259e-01
-9.18115199e-01
-9.16894555e-01
-9.15665209e-01
-9.14427280e-01
-9.13180649e-01
-9.11925495e-01
-9.10661697e-01
-9.09389317e-01
-9.08108354e-01
-9.06818867e-01
-9.05520856e-01
-9.04214323e-01
-9.02899265e-01
-9.01575685e-01
-9.00243640e-01
-8.98903012e-01
-8.97554040e-01
-8.96196485e-01
-8.94830585e-01
-8.93456221e-01
-8.92073512e-01
-8.90682340e-01
-8.89282763e-01
-8.87874782e-01
-8.86458457e-01
-8.85033786e-01
-8.83600771e-01
-8.82159412e-01
-8.80709767e-01
-8.79251838e-01
-8.77785683e-01
-8.76311183e-01
-8.74828458e-01
-8.73337388e-01
-8.71838152e-01
-8.70330751e-01
-8.68815064e-01
-8.67291272e-01
-8.65759313e-01
-8.64219189e-01
-8.62670898e-01
-8.61114502e-01
-8.59549940e-01
-8.57977271e-01
-8.56396556e-01
-8.54807794e-01
-8.53210986e-01
-8.51606131e-01
-8.49993229e-01
-8.48372340e-01
-8.46743405e-01
-8.45106542e-01
-8.43461692e-01
-8.41808915e-01
-8.40148211e-01
-8.38479578e-01
-8.36803079e-01
-8.35118651e-01
-8.33426297e-01
-8.31726134e-01
-8.30018163e-01
-8.28302383e-01
-8.26578856e-01
-8.24847460e-01
-8.23108315e-01
-8.21361363e-01
-8.19606721e-01
-8.17844331e-01
-8.16074312e-01
-8.14296544e-01
-8.12511146e-01
-8.10718000e-01
-8.08917284e-01
-8.07108879e-01
-8.05292904e-01
-8.03469419e-01
-8.01638305e-01
-7.99799681e-01
-7.97953427e-01
-7.96099722e-01
-7.94238448e-01
-7.92369783e-01
-7.90493608e-01
-7.88610041e-01
-7.86719024e-01
-7.84820557e-01
-7.82914639e-01
-7.81001389e-01
-7.79080808e-01
-7.77152956e-01
-7.75217712e-01
-7.73275197e-01
-7.71325290e-01
-7.69368172e-01
-7.67403781e-01
-7.65432239e-01
-7.63453484e-01
-7.61467516e-01
-7.59474337e-01
-7.57474005e-01
-7.55466521e-01
-7.53451943e-01
-7.51430273e-01
-7.49401569e-01
-7.47365713e-01
-7.45322883e-01
-7.43272960e-01
-7.41216123e-01
-7.39152253e-01
-7.37081468e-01
-7.35003710e-01
-7.32918978e-01
-7.30827391e-01
-7.28728890e-01
-7.26623595e-01
-7.24511385e-01
-7.22392380e-01
-7.20266461e-01
-7.18133867e-01
-7.15994477e-01
-7.13848412e-01
-7.11695552e-01
-7.09536016e-01
-7.07369745e-01
-7.05196798e-01
-7.03017294e-01
-7.00831115e-01
-6.98638380e-01
-6.96438968e-01
-6.94233060e-01
-6.92020595e-01
-6.89801633e-01
-6.87576175e-01
-6.85344219e-01
-6.83105767e-01
-6.80860877e-01
-6.78609610e-01
-6.76351964e-01
-6.74087942e-01
-6.71817601e-01
-6.69540823e-01
-6.67257845e-01
-6.64968550e-01
-6.62672997e-01
-6.60371184e-01
-6.58063114e-01
-6.55748844e-01
-6.53428435e-01
-6.51101887e-01
-6.48769200e-01
-6.46430373e-01
-6.44085407e-01
-6.41734421e-01
-6.39377415e-01
-6.37014389e-01
-6.34645343e-01
-6.32270277e-01
-6.29889309e-01
-6.27502382e-01
-6.25109553e-01
-6.22710884e-01
-6.20306253e-01
-6.17895842e-01
-6.15479529e-01
-6.13057494e-01
-6.10629678e-01
-6.08196080e-01
-6.05756760e-01
-6.03311777e-01
-6.00861073e-01
-5.98404765e-01
-5.95942736e-01
-5.93475103e-01
-5.91001868e-01
-5.88523149e-01
-5.86038828e-01
-5.83548963e-01
-5.81053555e-01
-5.78552723e-01
-5.76046467e-01
-5.73534787e-01
-5.71017742e-01
-5.68495214e-01
-5.65967381e-01
-5.63434184e-01
-5.60895741e-01
-5.58351994e-01
-5.55802941e-01
-5.53248703e-01
-5.50689280e-01
-5.48124611e-01
-5.45554817e-01
-5.42979777e-01
-5.40399730e-01
-5.37814558e-01
-5.35224378e-01
-5.32629073e-01
-5.30028760e-01
-5.27423441e-01
-5.24813235e-01
-5.22198021e-01
-5.19577920e-01
-5.16952813e-01
-5.14322937e-01
-5.11688232e-01
-5.09048700e-01
-5.06404340e-01
-5.03755152e-01
-5.01101255e-01
-4.98442709e-01
-4.95779425e-01
-4.93111491e-01
-4.90438908e-01
-4.87761676e-01
-4.85079855e-01
-4.82393444e-01
-4.79702532e-01
-4.77007061e-01
-4.74307120e-01
-4.71602708e-01
-4.68893856e-01
-4.66180563e-01
-4.63462889e-01
-4.60740864e-01
-4.58014488e-01
-4.55283791e-01
-4.52548802e-01
-4.49809581e-01
-4.47066069e-01
-4.44318384e-01
-4.41566497e-01
-4.38810438e-01
-4.36050266e-01
-4.33285981e-01
-4.30517614e-01
-4.27745193e-01
-4.24968749e-01
-4.22188282e-01
-4.19403851e-01
-4.16615456e-01
-4.13823158e-01
-4.11026925e-01
-4.08226848e-01
-4.05422926e-01
-4.02615190e-01
-3.99803638e-01
-3.96988332e-01
-3.94169271e-01
-3.91346514e-01
-3.88520062e-01
-3.85689974e-01
-3.82856220e-01
-3.80018860e-01
-3.77177924e-01
-3.74333441e-01
-3.71485442e-01
-3.68633926e-01
-3.65778923e-01
-3.62920493e-01
-3.60058665e-01
-3.57193410e-01
-3.54324788e-01
-3.51452857e-01
-3.48577589e-01
-3.45699042e-01
-3.42817247e-01
-3.39932203e-01
-3.37043971e-01
-3.34152579e-01
-3.31258029e-01
-3.28360349e-01
-3.25459570e-01
-3.22555721e-01
-3.19648862e-01
-3.16738963e-01
-3.13826084e-01
-3.10910285e-01
-3.07991505e-01
-3.05069864e-01
-3.02145302e-01
-2.99217939e-01
-2.96287715e-01
-2.93354750e-01
-2.90418983e-01
-2.87480503e-01
-2.84539312e-01
-2.81595409e-01
-2.78648883e-01
-2.75699735e-01
-2.72747993e-01
-2.69793659e-01
-2.66836792e-01
-2.63877392e-01
-2.60915518e-01
-2.57951200e-01
-2.54984438e-01
-2.52015263e-01
-2.49043733e-01
-2.46069863e-01
-2.43093669e-01
-2.40115181e-01
-2.37134427e-01
-2.34151453e-01
-2.31166273e-01
-2.28178903e-01
-2.25189388e-01
-2.22197741e-01
-2.19204009e-01
-2.16208205e-01
-2.13210374e-01
-2.10210517e-01
-2.07208693e-01
-2.04204917e-01
-2.01199204e-01
-1.98191613e-01
-1.95182145e-01
-1.92170843e-01
-1.89157739e-01
-1.86142847e-01
-1.83126196e-01
-1.80107817e-01
-1.77087739e-01
-1.74065992e-01
-1.71042621e-01
-1.68017641e-01
-1.64991066e-01
-1.61962941e-01
-1.58933282e-01
-1.55902132e-01
-1.52869508e-01
-1.49835438e-01
-1.46799967e-01
-1.43763110e-01
-1.40724897e-01
-1.37685359e-01
-1.34644523e-01
-1.31602407e-01
-1.28559068e-01
-1.25514507e-01
-1.22468777e-01
-1.19421892e-01
-1.16373882e-01
-1.13324769e-01
-1.10274591e-01
-1.07223369e-01
-1.04171142e-01
-1.01117931e-01
-9.80637744e-02
-9.50086862e-02
-9.19527039e-02
-8.88958573e-02
-8.58381763e-02
-8.27796832e-02
-7.97204077e-02
-7.66603798e-02
-7.35996291e-02
-7.05381855e-02
-6.74760789e-02
-6.44133389e-02
-6.13499917e-02
-5.82860634e-02
-5.52215874e-02
-5.21565937e-02
-4.90911081e-02
-4.60251570e-02
-4.29587737e-02
-3.98919843e-02
-3.68248187e-02
-3.37573066e-02
-3.06894798e-02
-2.76213624e-02
-2.45529860e-02
-2.14843471e-02
-1.84159596e-02
-1.53445909e-02
-1.22736180e-02
-9.23357252e-03
-6.31562481e-03
-3.62106669e-03
-1.17216480e-03
1.17216480e-03
3.62106669e-03
