-3.82146891e-03
-1.25673530e-03
1.25673530e-03
3.82146891e-03
6.51509361e-03
9.35832784e-03
1.23211090e-02
1.53535577e-02
1.84148997e-02
2.14835983e-02
2.45526340e-02
2.76210625e-02
3.06891371e-02
3.37569304e-02
3.68244164e-02
3.98915522e-02
4.29583117e-02
4.60246652e-02
4.90905866e-02
5.21560423e-02
5.52210063e-02
5.82854524e-02
6.13493510e-02
6.44126683e-02
6.74753860e-02
7.05374628e-02
7.35988840e-02
7.66596049e-02
7.97196031e-02
8.27788487e-02
8.58373120e-02
8.88949633e-02
9.19517800e-02
9.50077325e-02
9.80627909e-02
1.01116918e-01
1.04170099e-01
1.07222296e-01
1.10273488e-01
1.13323636e-01
1.16372719e-01
1.19420707e-01
1.22467570e-01
1.25513270e-01
1.28557801e-01
1.31601110e-01
1.34643197e-01
1.37684003e-01
1.40723512e-01
1.43761694e-01
1.46798536e-01
1.49833977e-01
1.52868018e-01
1.55900612e-01
1.58931732e-01
1.61961362e-01
1.64989457e-01
1.68016002e-01
1.71040967e-01
1.74064308e-01
1.77086025e-01
1.80106074e-01
1.83124408e-01
1.86141029e-01
1.89155892e-01
1.92168981e-01
1.95180252e-01
1.98189691e-01
2.01197252e-01
2.04202935e-01
2.07206681e-01
2.10208490e-01
2.13208303e-01
2.16206118e-01
2.19201893e-01
2.22195596e-01
2.25187212e-01
2.28176698e-01
2.31164038e-01
2.34149188e-01
2.37132147e-01
2.40112871e-01
2.43091330e-01
2.46067494e-01
2.49041349e-01
2.52012849e-01
2.54981995e-01
2.57948726e-01
2.60913014e-01
2.63874859e-01
2.66834229e-01
2.69791067e-01
2.72745371e-01
2.75697082e-01
2.78646201e-01
2.81592697e-01
2.84536570e-01
2.87477732e-01
2.90416181e-01
2.93351918e-01
2.96284884e-01
2.99215049e-01
3.02142411e-01
3.05066913e-01
3.07988554e-01
3.10907274e-01
3.13823074e-01
3.16735923e-01
3.19645792e-01
3.22552621e-01
3.25456440e-01
3.28357190e-01
3.31254840e-01
3.34149361e-01
3.37040752e-01
3.39928955e-01
3.42813969e-01
3.45695734e-01
3.48574251e-01
3.51449490e-01
3.54321390e-01
3.57189983e-01
3.60055208e-01
3.62917036e-01
3.65775436e-01
3.68630379e-01
3.71481866e-01
3.74329865e-01
3.77174318e-01
3.80015224e-01
3.82852554e-01
3.85686278e-01
3.88516337e-01
3.91342759e-01
3.94165516e-01
3.96984518e-01
3.99799824e-01
4.02611315e-01
4.05419052e-01
4.08222944e-01
4.11022991e-01
4.13819194e-01
4.16611463e-01
4.19399828e-01
4.22184259e-01
4.24964696e-01
4.27741140e-01
4.30513531e-01
4.33281869e-01
4.36046094e-01
4.38806266e-01
4.41562265e-01
4.44314122e-01
4.47061777e-01
4.49805260e-01
4.52544481e-01
4.55279440e-01
4.58010107e-01
4.60736454e-01
4.63458478e-01
4.66176122e-01
4.68889385e-01
4.71598208e-01
4.74302620e-01
4.77002531e-01
4.79697973e-01
4.82388854e-01
4.85075235e-01
4.87757027e-01
4.90434229e-01
4.93106782e-01
4.95774716e-01
4.98437971e-01
5.01096547e-01
5.03750384e-01
5.06399512e-01
5.09043872e-01
5.11683404e-01
5.14318109e-01
5.16947925e-01
5.19572973e-01
5.22193074e-01
5.24808228e-01
5.27418435e-01
5.30023694e-01
5.32624006e-01
5.35219252e-01
5.37809432e-01
5.40394545e-01
5.42974591e-01
5.45549631e-01
5.48119426e-01
5.50684035e-01
5.53243458e-01
5.55797696e-01
5.58346748e-01
5.60890496e-01
5.63428879e-01
5.65962017e-01
5.68489790e-01
5.71012318e-01
5.73529363e-01
5.76041043e-01
5.78547239e-01
5.81048012e-01
5.83543360e-01
5.86033165e-01
5.88517427e-01
5.90996146e-01
5.93469381e-01
5.95937014e-01
5.98399043e-01
6.00855350e-01
6.03306055e-01
6.05751038e-01
6.08190358e-01
6.10623956e-01
6.13051713e-01
6.15473747e-01
6.17889941e-01
6.20300412e-01
6.22704983e-01
6.25103712e-01
6.27496481e-01
6.29883349e-01
6.32264316e-01
6.34639323e-01
6.37008369e-01
6.39371336e-01
6.41728342e-01
6.44079268e-01
6.46424234e-01
6.48763001e-01
6.51095688e-01
6.53422177e-01
6.55742586e-01
6.58056855e-01
6.60364866e-01
6.62666678e-01
6.64962173e-01
6.67251468e-01
6.69534445e-01
6.71811223e-01
6.74081564e-01
6.76345587e-01
6.78603172e-01
6.80854440e-01
6.83099270e-01
6.85337722e-01
6.87569618e-01
6.89795077e-01
6.92013979e-01
6.94226444e-01
6.96432352e-01
6.98631763e-01
7.00824499e-01
7.03010619e-01
7.05190122e-01
7.07363009e-01
7.09529281e-01
7.11688817e-01
7.13841617e-01
7.15987682e-01
7.18127072e-01
7.20259666e-01
7.22385526e-01
7.24504530e-01
7.26616681e-01
7.28721976e-01
7.30820417e-01
7.32912004e-01
7.34996736e-01
7.37074494e-01
7.39145279e-01
7.41209090e-01
7.43265927e-01
7.45315790e-01
7.47358680e-01
7.49394476e-01
7.51423240e-01
7.53444850e-01
7.55459368e-01
7.57466793e-01
7.59467125e-01
7.61460304e-01
7.63446271e-01
7.65425026e-01
7.67396569e-01
7.69360900e-01
7.71317959e-01
7.73267865e-01
7.75210381e-01
7.77145624e-01
7.79073477e-01
7.80994058e-01
7.82907248e-01
7.84813106e-01
7.86711574e-01
7.88602591e-01
7.90486157e-01
7.92362273e-01
7.94230938e-01
7.96092153e-01
7.97945917e-01
7.99792111e-01
8.01630795e-01
8.03461850e-01
8.05285335e-01
8.07101250e-01
8.08909595e-01
8.10710371e-01
8.12503457e-01
8.14288855e-01
8.16066563e-01
8.17836583e-01
8.19598913e-01
8.21353614e-01
8.23100507e-01
8.24839711e-01
8.26571047e-01
8.28294635e-01
8.30010355e-01
8.31718326e-01
8.33418429e-01
8.35110724e-01
8.36795151e-01
8.38471651e-01
8.40140224e-01
8.41800928e-01
8.43453646e-01
8.45098495e-01
8.46735358e-01
8.48364294e-01
8.49985182e-01
8.51598084e-01
8.53202879e-01
8.54799688e-01
8.56388450e-01
8.57969165e-01
8.59541774e-01
8.61106336e-01
8.62662792e-01
8.64211082e-01
8.65751207e-01
8.67283165e-01
8.68806899e-01
8.70322526e-01
8.71829927e-01
8.73329222e-01
8.74820173e-01
8.76302958e-01
8.77777398e-01
8.79243612e-01
8.80701482e-01
8.82151127e-01
8.83592427e-01
8.85025442e-01
8.86450112e-01
8.87866437e-01
8.89274359e-01
8.90673876e-01
8.92065048e-01
8.93447757e-01
8.94822121e-01
8.96188021e-01
8.97545516e-01
8.98894548e-01
9.00235176e-01
9.01567221e-01
9.02890801e-01
9.04205799e-01
9.05512333e-01
9.06810284e-01
9.08099771e-01
9.09380674e-01
9.10653055e-01
9.11916852e-01
9.13172066e-01
9.14418638e-01
9.15656567e-01
9.16885853e-01
9.18106496e-01
9.19318497e-01
9.20521915e-01
9.21716630e-01
9.22902703e-01
9.24080014e-01
9.25248682e-01
9.26408648e-01
9.27559793e-01
9.28702235e-01
9.29835856e-01
9.30960774e-01
9.32076871e-01
9.33184266e-01
9.34282839e-01
9.35372651e-01
9.36453640e-01
9.37525809e-01
9.38589096e-01
9.39643562e-01
9.40689147e-01
9.41725850e-01
9.42753732e-01
9.43772674e-01
9.44782794e-01
9.45783973e-01
9.46776330e-01
9.47759688e-01
9.48734224e-01
9.49699700e-01
9.50656295e-01
9.51603889e-01
9.52542543e-01
9.53472137e-01
9.54392791e-01
9.55304444e-01
9.56207097e-01
9.57100749e-01
9.57985401e-01
9.58861053e-01
9.59727705e-01
9.60585237e-01
9.61433768e-01
9.62273240e-01
9.63103652e-01
9.63924944e-01
9.64737177e-01
9.65540349e-01
9.66334403e-01
9.67119336e-01
9.67895091e-01
9.68661785e-01
9.69419301e-01
9.70167756e-01
9.70907032e-01
9.71637189e-01
9.72358227e-01
9.73070025e-01
9.73772764e-01
9.74466264e-01
9.75150645e-01
9.75825787e-01
9.76491690e-01
9.77148473e-01
9.77795959e-01
9.78434324e-01
9.79063392e-01
9.79683280e-01
9.80293870e-01
9.80895281e-01
9.81487393e-01
9.82070327e-01
9.82643962e-01
9.83208358e-01
9.83763516e-01
9.84309375e-01
9.84845996e-01
9.85373318e-01
9.85891402e-01
9.86400127e-01
9.86899614e-01
9.87389803e-01
9.87870634e-01
9.88342226e-01
9.88804460e-01
9.89257395e-01
9.89700973e-01
9.90135252e-01
9.90560234e-01
9.90975857e-01
9.91382122e-01
9.91779089e-01
9.92166698e-01
9.92544889e-01
9.92913783e-01
9.93273258e-01
9.93623435e-01
9.93964195e-01
9.94295657e-01
9.94617701e-01
9.94930446e-01
9.95233774e-01
9.95527804e-01
9.95812356e-01
9.96087611e-01
9.96353388e-01
9.96609867e-01
9.96856868e-01
9.97094572e-01
9.97322798e-01
9.97541666e-01
9.97751117e-01
9.97951210e-01
9.98141825e-01
9.98323083e-01
9.98494983e-01
9.98657405e-01
9.98810470e-01
9.98954058e-01
9.99088287e-01
9.99213159e-01
9.99328494e-01
9.99434471e-01
9.99530971e-01
9.99618173e-01
9.99695897e-01
9.99764264e-01
9.99823093e-01
9.99872565e-01
9.99912560e-01
9.99943197e-01
9.99964356e-01
9.99976158e-01
9.99978542e-01
9.99971449e-01
9.99954998e-01
9.99929011e-01
9.99893725e-01
9.99848962e-01
9.99794841e-01
9.99731243e-01
9.99658227e-01
9.99575734e-01
9.99483883e-01
9.99382615e-01
9.99271989e-01
9.99151886e-01
9.99022424e-01
9.98883426e-01
9.98735130e-01
9.98577356e-01
9.98410225e-01
9.98233616e-01
9.98047709e-01
9.97852325e-01
9.97647583e-01
9.97433424e-01
9.97209847e-01
9.96976912e-01
9.96734560e-01
9.96482790e-01
9.96221662e-01
9.95951116e-01
9.95671272e-01
9.95381951e-01
9.95083332e-01
9.94775295e-01
9.94457841e-01
9.94131088e-01
9.93794978e-01
9.93449509e-01
9.93094683e-01
9.92730498e-01
9.92356956e-01
9.91974056e-01
9.91581798e-01
9.91180182e-01
9.90769207e-01
9.90348935e-01
9.89919305e-01
9.89480376e-01
9.89032090e-01
9.88574505e-01
9.88107622e-01
9.87631381e-01
9.87145841e-01
9.86651063e-01
9.86146927e-01
9.85633492e-01
9.85110819e-01
9.84578848e-01
9.84037578e-01
9.83487070e-01
9.82927263e-01
9.82358217e-01
9.81779933e-01
9.81192410e-01
9.80595648e-01
9.79989648e-01
9.79374409e-01
9.78749990e-01
9.78116274e-01
9.77473378e-01
9.76821244e-01
9.76159871e-01
9.75489378e-01
9.74809587e-01
9.74120677e-01
9.73422527e-01
9.72715259e-01
9.71998870e-01
9.71273243e-01
9.70538557e-01
9.69794631e-01
9.69041646e-01
9.68279541e-01
9.67508316e-01
9.66727972e-01
9.65938509e-01
9.65139925e-01
9.64332223e-01
9.63515460e-01
9.62689579e-01
9.61854637e-01
9.61010635e-01
9.60157633e-01
9.59295511e-01
9.58424389e-01
9.57544267e-01
9.56655145e-01
9.55756962e-01
9.54849839e-01
9.53933656e-01
9.53008533e-01
9.52074349e-01
9.51131225e-01
9.50179100e-01
9.49218094e-01
9.48248029e-01
9.47269142e-01
9.46281254e-01
9.45284545e-01
9.44278896e-01
9.43264425e-01
9.42241013e-01
9.41208720e-01
9.40167546e-01
9.39117491e-01
9.38058555e-01
9.36990798e-01
9.35914218e-01
9.34828818e-01
9.33734655e-01
9.32631671e-01
9.31519926e-01
9.30399418e-01
9.29270148e-01
9.28132117e-01
9.26985323e-01
9.25829768e-01
9.24665451e-01
9.23492491e-01
9.22310770e-01
9.21120405e-01
9.19921339e-01
9.18713689e-01
9.17497337e-01
9.16272342e-01
9.15038705e-01
9.13796425e-01
9.12545562e-01
9.11286056e-01
9.10017967e-01
9.08741295e-01
9.07456100e-01
9.06162381e-01
9.04860139e-01
9.03549373e-01
9.02230084e-01
9.00902271e-01
8.99565935e-01
8.98221135e-01
8.96867812e-01
8.95506144e-01
8.94136012e-01
8.92757535e-01
8.91370595e-01
8.89975250e-01
8.88571501e-01
8.87159348e-01
8.85738850e-01
8.84309947e-01
8.82872760e-01
8.81427288e-01
8.79973531e-01
8.78511488e-01
8.77041221e-01
8.75562608e-01
8.74075770e-01
8.72580588e-01
8.71077240e-01
8.69565725e-01
8.68045986e-01
8.66518140e-01
8.64982128e-01
8.63437951e-01
8.61885607e-01
8.60325098e-01
8.58756483e-01
8.57179821e-01
8.55595112e-01
8.54002357e-01
8.52401555e-01
8.50792706e-01
8.49175751e-01
8.47550869e-01
8.45917940e-01
8.44277143e-01
8.42628360e-01
8.40971649e-01
8.39307010e-01
8.37634444e-01
8.35953951e-01
8.34265590e-01
8.32569361e-01
8.30865324e-01
8.29153478e-01
8.27433825e-01
8.25706363e-01
8.23971093e-01
8.22228074e-01
8.20477247e-01
8.18718791e-01
8.16952586e-01
8.15178752e-01
8.13397169e-01
8.11607897e-01
8.09810936e-01
8.08006406e-01
8.06194246e-01
8.04374516e-01
8.02547216e-01
8.00712407e-01
7.98869967e-01
7.97020018e-01
7.95162499e-01
7.93297589e-01
7.91425169e-01
7.89545357e-01
7.87658036e-01
7.85763264e-01
7.83861101e-01
7.81951547e-01
7.80034661e-01
7.78110445e-01
7.76178896e-01
7.74240017e-01
7.72293806e-01
7.70340323e-01
7.68379569e-01
7.66411662e-01
7.64436483e-01
7.62454152e-01
7.60464609e-01
7.58467853e-01
7.56463945e-01
7.54452944e-01
7.52434909e-01
7.50409722e-01
7.48377502e-01
7.46338129e-01
7.44291782e-01
7.42238402e-01
7.40178108e-01
7.38110781e-01
7.36036539e-01
7.33955264e-01
7.31867075e-01
7.29772091e-01
7.27670193e-01
7.25561500e-01
7.23445892e-01
7.21323490e-01
7.19194233e-01
7.17058301e-01
7.14915574e-01
7.12766111e-01
7.10609913e-01
7.08446980e-01
7.06277370e-01
7.04101205e-01
7.01918364e-01
6.99728966e-01
6.97532892e-01
6.95330262e-01
6.93121016e-01
6.90905333e-01
6.88683152e-01
6.86454475e-01
6.84219301e-01
6.81977630e-01
6.79729581e-01
6.77475154e-01
6.75214350e-01
6.72947168e-01
6.70673609e-01
6.68393791e-01
6.66107655e-01
6.63815260e-01
6.61516607e-01
6.59211695e-01
6.56900525e-01
6.54583216e-01
6.52259767e-01
6.49930179e-01
6.47594452e-01
6.45252526e-01
6.42904580e-01
6.40550613e-01
6.38190627e-01
6.35824621e-01
6.33452594e-01
6.31074548e-01
6.28690600e-01
6.26300752e-01
6.23905063e-01
6.21503413e-01
6.19095922e-01
6.16682529e-01
6.14263415e-01
6.11838520e-01
6.09407842e-01
6.06971383e-01
6.04529202e-01
6.02081358e-01
5.99627912e-01
5.97168744e-01
5.94703972e-01
5.92233539e-01
5.89757621e-01
5.87276101e-01
5.84789038e-01
5.82296431e-01
5.79798341e-01
5.77294827e-01
5.74785888e-01
5.72271526e-01
5.69751740e-01
5.67226589e-01
5.64696074e-01
5.62160313e-01
5.59619248e-01
5.57072878e-01
5.54521263e-01
5.51964402e-01
5.49402416e-01
5.46835184e-01
5.44262826e-01
5.41685283e-01
5.39102733e-01
5.36515057e-01
5.33922315e-01
5.31324506e-01
5.28721690e-01
5.26113927e-01
5.23501217e-01
5.20883620e-01
5.18261015e-01
5.15633583e-01
5.13001323e-01
5.10364234e-01
5.07722318e-01
5.05075574e-01
5.02424061e-01
4.99767870e-01
4.97106940e-01
4.94441360e-01
4.91771102e-01
4.89096224e-01
4.86416698e-01
4.83732641e-01
4.81043994e-01
4.78350818e-01
4.75653142e-01
4.72950995e-01
4.70244378e-01
4.67533320e-01
4.64817882e-01
4.62098032e-01
4.59373862e-01
4.56645340e-01
4.53912497e-01
4.51175421e-01
4.48434055e-01
4.45688516e-01
4.42938745e-01
4.40184802e-01
4.37426716e-01
4.34664518e-01
4.31898206e-01
4.29127842e-01
4.26353425e-01
4.23574984e-01
4.20792580e-01
4.18006182e-01
4.15215850e-01
4.12421614e-01
4.09623504e-01
4.06821519e-01
4.04015690e-01
4.01206076e-01
3.98392648e-01
3.95575523e-01
3.92754644e-01
3.89930069e-01
3.87101799e-01
3.84269893e-01
3.81434351e-01
3.78595233e-01
3.75752568e-01
3.72906327e-01
3.70056599e-01
3.67203355e-01
3.64346683e-01
3.61486554e-01
3.58623028e-01
3.55756134e-01
3.52885872e-01
3.50012302e-01
3.47135425e-01
3.44255269e-01
3.41371894e-01
3.38485271e-01
3.35595489e-01
3.32702518e-01
3.29806447e-01
3.26907247e-01
3.24004948e-01
3.21099609e-01
3.18191260e-01
3.15279901e-01
3.12365592e-01
3.09448332e-01
3.06528121e-01
3.03605050e-01
3.00679117e-01
2.97750384e-01
2.94818789e-01
2.91884452e-01
2.88947344e-01
2.86007524e-01
2.83064991e-01
2.80119807e-01
2.77171969e-01
2.74221539e-01
2.71268517e-01
2.68312961e-01
2.65354872e-01
2.62394279e-01
2.59431213e-01
2.56465673e-01
2.53497750e-01
2.50527412e-01
2.47554749e-01
2.44579732e-01
2.41602421e-01
2.38622814e-01
2.35640973e-01
2.32656911e-01
2.29670659e-01
2.26682231e-01
2.23691672e-01
2.20699012e-01
2.17704266e-01
2.14707479e-01
2.11708665e-01
2.08707854e-01
2.05705076e-01
2.02700377e-01
1.99693754e-01
1.96685255e-01
1.93674892e-01
1.90662712e-01
1.87648728e-01
1.84632972e-01
1.81615487e-01
1.78596288e-01
1.75575405e-01
1.72552854e-01
1.69528693e-01
1.66502938e-01
1.63475603e-01
1.60446733e-01
1.57416359e-01
1.54384494e-01
1.51351184e-01
1.48316443e-01
1.45280302e-01
1.42242789e-01
1.39203951e-01
1.36163801e-01
1.33122355e-01
1.30079657e-01
1.27035737e-01
1.23990618e-01
1.20944321e-01
1.17896892e-01
1.14848346e-01
1.11798726e-01
1.08748049e-01
1.05696358e-01
1.02643661e-01
9.95900035e-02
9.65353996e-02
9.34799016e-02
9.04235095e-02
8.73662755e-02
8.43082070e-02
8.12493488e-02
7.81897157e-02
7.51293525e-02
7.20682740e-02
6.90065250e-02
6.59441277e-02
6.28811121e-02
5.98175004e-02
5.67533262e-02
5.36886193e-02
5.06234020e-02
4.75577116e-02
4.44915704e-02
4.14250083e-02
3.83580551e-02
3.52907442e-02
3.22230980e-02
2.91551519e-02
2.60869302e-02
2.30184626e-02
1.99497771e-02
1.68809034e-02
1.38118695e-02
1.07427072e-02
7.67344330e-03
4.60410677e-03
1.53472705e-03
-1.53466745e-03
-4.60404716e-03
-7.67338369e-03
-1.07426476e-02
-1.38118099e-02
-1.68808438e-02
-1.99497174e-02
-2.30184030e-02
-2.60868706e-02
-2.91550923e-02
-3.22230384e-02
-3.52906846e-02
-3.83579955e-02
-4.14249487e-02
-4.44915108e-02
-4.75576520e-02
-5.06233424e-02
-5.36885597e-02
-5.67532666e-02
-5.98174408e-02
-6.28810525e-02
-6.59440681e-02
-6.90064654e-02
-7.20682144e-02
-7.51292929e-02
-7.81896561e-02
-8.12492892e-02
-8.43081474e-02
-8.73662159e-02
-9.04234499e-02
-9.34798419e-02
-9.65353400e-02
-9.95899439e-02
-1.02643602e-01
-1.05696298e-01
-1.08747989e-01
-1.11798666e-01
-1.14848286e-01
-1.17896833e-01
-1.20944262e-01
-1.23990558e-01
-1.27035677e-01
-1.30079597e-01
-1.33122295e-01
-1.36163741e-01
-1.39203891e-01
-1.42242730e-01
-1.45280242e-01
-1.48316383e-01
-1.51351124e-01
-1.54384434e-01
-1.57416299e-01
-1.60446674e-01
-1.63475543e-01
-1.66502878e-01
-1.69528633e-01
-1.72552794e-01
-1.75575346e-01
-1.78596228e-01
-1.81615427e-01
-1.84632912e-01
-1.87648669e-01
-1.90662652e-01
-1.93674833e-01
-1.96685195e-01
-1.99693695e-01
-2.02700317e-01
-2.05705017e-01
-2.08707795e-01
-2.11708605e-01
-2.14707419e-01
-2.17704207e-01
-2.20698953e-01
-2.23691612e-01
-2.26682171e-01
-2.29670599e-01
-2.32656851e-01
-2.35640913e-01
-2.38622770e-01
-2.41602361e-01
-2.44579673e-01
-2.47554690e-01
-2.50527352e-01
-2.53497690e-01
-2.56465614e-01
-2.59431154e-01
-2.62394220e-01
-2.65354812e-01
-2.68312901e-01
-2.71268457e-01
-2.74221480e-01
-2.77171910e-01
-2.80119747e-01
-2.83064932e-01
-2.86007464e-01
-2.88947284e-01
-2.91884392e-01
-2.94818729e-01
-2.97750324e-01
-3.00679058e-01
-3.03604990e-01
-3.06528062e-01
-3.09448272e-01
-3.12365532e-01
-3.15279841e-01
-3.18191200e-01
-3.21099550e-01
-3.24004918e-01
-3.26907188e-01
-3.29806387e-01
-3.32702458e-01
-3.35595429e-01
-3.38485211e-01
-3.41371834e-01
-3.44255209e-01
-3.47135365e-01
-3.50012243e-01
-3.52885813e-01
-3.55756074e-01
-3.58622968e-01
-3.61486524e-01
-3.64346623e-01
-3.67203325e-01
-3.70056540e-01
-3.72906268e-01
-3.75752479e-01
-3.78595173e-01
-3.81434292e-01
-3.84269834e-01
-3.87101740e-01
-3.89930010e-01
-3.92754585e-01
-3.95575464e-01
-3.98392588e-01
-4.01206017e-01
-4.04015630e-01
-4.06821460e-01
-4.09623444e-01
-4.12421584e-01
-4.15215820e-01
-4.18006152e-01
-4.20792520e-01
-4.23574924e-01
-4.26353365e-01
-4.29127783e-01
-4.31898177e-01
-4.34664488e-01
-4.37426686e-01
-4.40184772e-01
-4.42938715e-01
-4.45688486e-01
-4.48434025e-01
-4.51175392e-01
-4.53912467e-01
-4.56645280e-01
-4.59373802e-01
-4.62097973e-01
-4.64817822e-01
-4.67533261e-01
-4.70244318e-01
-4.72950935e-01
-4.75653112e-01
-4.78350788e-01
-4.81043965e-01
-4.83732581e-01
-4.86416668e-01
-4.89096165e-01
-4.91771072e-01
-4.94441301e-01
-4.97106910e-01
-4.99767810e-01
-5.02424002e-01
-5.05075514e-01
-5.07722259e-01
-5.10364175e-01
-5.13001263e-01
-5.15633523e-01
-5.18260956e-01
-5.20883560e-01
-5.23501158e-01
-5.26113868e-01
-5.28721631e-01
-5.31324446e-01
-5.33922255e-01
-5.36514997e-01
-5.39102674e-01
-5.41685224e-01
-5.44262767e-01
-5.46835124e-01
-5.49402356e-01
-5.51964343e-01
-5.54521203e-01
-5.57072818e-01
-5.59619188e-01
-5.62160254e-01
-5.64696014e-01
-5.67226529e-01
-5.69751680e-01
-5.72271466e-01
-5.74785829e-01
-5.77294767e-01
-5.79798281e-01
-5.82296371e-01
-5.84788978e-01
-5.87276042e-01
-5.89757562e-01
-5.92233539e-01
-5.94703913e-01
-5.97168744e-01
-5.99627852e-01
-6.02081358e-01
-6.04529202e-01
-6.06971383e-01
-6.09407842e-01
-6.11838520e-01
-6.14263415e-01
-6.16682529e-01
-6.19095802e-01
-6.21503353e-01
-6.23904943e-01
-6.26300693e-01
-6.28690541e-01
-6.31074488e-01
-6.33452535e-01
-6.35824561e-01
-6.38190567e-01
-6.40550554e-01
-6.42904520e-01
-6.45252526e-01
-6.47594392e-01
-6.49930120e-01
-6.52259707e-01
-6.54583156e-01
-6.56900465e-01
-6.59211636e-01
-6.61516547e-01
-6.63815200e-01
-6.66107595e-01
-6.68393731e-01
-6.70673609e-01
-6.72947168e-01
-6.75214350e-01
-6.77475154e-01
-6.79729581e-01
-6.81977630e-01
-6.84219301e-01
-6.86454475e-01
-6.88683152e-01
-6.90905333e-01
-6.93121016e-01
-6.95330203e-01
-6.97532892e-01
-6.99728906e-01
-7.01918364e-01
-7.04101145e-01
-7.06277370e-01
-7.08446980e-01
-7.10609853e-01
-7.12766051e-01
-7.14915514e-01
-7.17058241e-01
-7.19194174e-01
-7.21323431e-01
-7.23445833e-01
-7.25561440e-01
-7.27670133e-01
-7.29772031e-01
-7.31867075e-01
-7.33955204e-01
-7.36036479e-01
-7.38110781e-01
-7.40178049e-01
-7.42238402e-01
-7.44291723e-01
-7.46338129e-01
-7.48377442e-01
-7.50409722e-01
-7.52434850e-01
-7.54452944e-01
-7.56463945e-01
-7.58467853e-01
-7.60464609e-01
-7.62454152e-01
-7.64436483e-01
-7.66411662e-01
-7.68379569e-01
-7.70340323e-01
-7.72293806e-01
-7.74240017e-01
-7.76178896e-01
-7.78110445e-01
-7.80034661e-01
-7.81951547e-01
-7.83861101e-01
-7.85763264e-01
-7.87658036e-01
-7.89545298e-01
-7.91425169e-01
-7.93297529e-01
-7.95162499e-01
-7.97019958e-01
-7.98869967e-01
-8.00712347e-01
-8.02547216e-01
-8.04374456e-01
-8.06194186e-01
-8.08006346e-01
-8.09810936e-01
-8.11607838e-01
-8.13397110e-01
-8.15178692e-01
-8.16952586e-01
-8.18718731e-01
-8.20477247e-01
-8.22228014e-01
-8.23971093e-01
-8.25706303e-01
-8.27433765e-01
-8.29153419e-01
-8.30865264e-01
-8.32569301e-01
-8.34265530e-01
-8.35953891e-01
-8.37634385e-01
-8.39306951e-01
-8.40971589e-01
-8.42628300e-01
-8.44277084e-01
-8.45917940e-01
-8.47550809e-01
-8.49175751e-01
-8.50792646e-01
-8.52401555e-01
-8.54002357e-01
-8.55595112e-01
-8.57179821e-01
-8.58756483e-01
-8.60325098e-01
-8.61885548e-01
-8.63437891e-01
-8.64982069e-01
-8.66518080e-01
-8.68045986e-01
-8.69565666e-01
-8.71077240e-01
-8.72580528e-01
-8.74075711e-01
-8.75562549e-01
-8.77041161e-01
-8.78511488e-01
-8.79973531e-01
-8.81427288e-01
-8.82872760e-01
-8.84309947e-01
-8.85738790e-01
-8.87159288e-01
-8.88571441e-01
-8.89975190e-01
-8.91370535e-01
-8.92757475e-01
-8.94136012e-01
-8.95506144e-01
-8.96867871e-01
-8.98221135e-01
-8.99565935e-01
-9.00902212e-01
-9.02230084e-01
-9.03549373e-01
-9.04860139e-01
-9.06162381e-01
-9.07456100e-01
-9.08741295e-01
-9.10017967e-01
-9.11286056e-01
-9.12545502e-01
-9.13796425e-01
-9.15038705e-01
-9.16272342e-01
-9.17497337e-01
-9.18713629e-01
-9.19921339e-01
-9.21120346e-01
-9.22310770e-01
-9.23492432e-01
-9.24665451e-01
-9.25829709e-01
-9.26985264e-01
-9.28132057e-01
-9.29270089e-01
-9.30399358e-01
-9.31519866e-01
-9.32631612e-01
-9.33734596e-01
-9.34828818e-01
-9.35914218e-01
-9.36990798e-01
-9.38058555e-01
-9.39117432e-01
-9.40167487e-01
-9.41208661e-01
-9.42240953e-01
-9.43264365e-01
-9.44278896e-01
-9.45284545e-01
-9.46281254e-01
-9.47269142e-01
-9.48248029e-01
-9.49218035e-01
-9.50179100e-01
-9.51131165e-01
-9.52074349e-01
-9.53008473e-01
-9.53933656e-01
-9.54849780e-01
-9.55756962e-01
-9.56655085e-01
-9.57544267e-01
-9.58424389e-01
-9.59295511e-01
-9.60157573e-01
-9.61010635e-01
-9.61854637e-01
-9.62689579e-01
-9.63515460e-01
-9.64332223e-01
-9.65139925e-01
-9.65938509e-01
-9.66727972e-01
-9.67508316e-01
-9.68279541e-01
-9.69041646e-01
-9.69794631e-01
-9.70538497e-01
-9.71273243e-01
-9.71998870e-01
-9.72715259e-01
-9.73422527e-01
-9.74120617e-01
-9.74809587e-01
-9.75489318e-01
-9.76159871e-01
-9.76821184e-01
-9.77473378e-01
-9.78116274e-01
-9.78749990e-01
-9.79374409e-01
-9.79989648e-01
-9.80595648e-01
-9.81192410e-01
-9.81779933e-01
-9.82358217e-01
-9.82927263e-01
-9.83487070e-01
-9.84037578e-01
-9.84578848e-01
-9.85110819e-01
-9.85633492e-01
-9.86146927e-01
-9.86651063e-01
-9.87145841e-01
-9.87631381e-01
-9.88107562e-01
-9.88574505e-01
-9.89032090e-01
-9.89480376e-01
-9.89919305e-01
-9.90348935e-01
-9.90769207e-01
-9.91180182e-01
-9.91581798e-01
-9.91974056e-01
-9.92356956e-01
-9.92730498e-01
-9.93094683e-01
-9.93449509e-01
-9.93794978e-01
-9.94131088e-01
-9.94457841e-01
-9.94775236e-01
-9.95083272e-01
-9.95381951e-01
-9.95671213e-01
-9.95951116e-01
-9.96221662e-01
-9.96482790e-01
-9.96734500e-01
-9.96976852e-01
-9.97209847e-01
-9.97433364e-01
-9.97647583e-01
-9.97852325e-01
-9.98047709e-01
-9.98233616e-01
-9.98410225e-01
-9.98577356e-01
-9.98735130e-01
-9.98883486e-01
-9.99022365e-01
-9.99151886e-01
-9.99271929e-01
-9.99382615e-01
-9.99483943e-01
-9.99575734e-01
-9.99658167e-01
-9.99731183e-01
-9.99794841e-01
-9.99848962e-01
-9.99893725e-01
-9.99929011e-01
-9.99954998e-01
-9.99971449e-01
-9.99978542e-01
-9.99976158e-01
-9.99964356e-01
-9.99943197e-01
-9.99912560e-01
-9.99872565e-01
-9.99823093e-01
-9.99764264e-01
-9.99695897e-01
-9.99618173e-01
-9.99530971e-01
-9.99434471e-01
-9.99328494e-01
-9.99213159e-01
-9.99088287e-01
-9.98954117e-01
-9.98810470e-01
-9.98657465e-01
-9.98494983e-01
-9.98323143e-01
-9.98141825e-01
-9.97951210e-01
-9.97751117e-01
-9.97541666e-01
-9.97322798e-01
-9.97094572e-01
-9.96856868e-01
-9.96609867e-01
-9.96353388e-01
-9.96087611e-01
-9.95812356e-01
-9.95527804e-01
-9.95233834e-01
-9.94930446e-01
-9.94617760e-01
-9.94295657e-01
-9.93964255e-01
-9.93623435e-01
-9.93273318e-01
-9.92913783e-01
-9.92544949e-01
-9.92166698e-01
-9.91779089e-01
-9.91382122e-01
-9.90975857e-01
-9.90560234e-01
-9.90135312e-01
-9.89701033e-01
-9.89257395e-01
-9.88804460e-01
-9.88342226e-01
-9.87870634e-01
-9.87389803e-01
-9.86899614e-01
-9.86400127e-01
-9.85891402e-01
-9.85373318e-01
-9.84845996e-01
-9.84309375e-01
-9.83763516e-01
-9.83208358e-01
-9.82643962e-01
-9.82070327e-01
-9.81487453e-01
-9.80895281e-01
-9.80293930e-01
-9.79683280e-01
-9.79063451e-01
-9.78434324e-01
-9.77796018e-01
-9.77148473e-01
-9.76491690e-01
-9.75825787e-01
-9.75150645e-01
-9.74466324e-01
-9.73772764e-01
-9.73070085e-01
-9.72358227e-01
-9.71637249e-01
-9.70907032e-01
-9.70167756e-01
-9.69419301e-01
-9.68661785e-01
-9.67895091e-01
-9.67119336e-01
-9.66334403e-01
-9.65540409e-01
-9.64737236e-01
-9.63925004e-01
-9.63103652e-01
-9.62273240e-01
-9.61433828e-01
-9.60585296e-01
-9.59727705e-01
-9.58861113e-01
-9.57985461e-01
-9.57100809e-01
-9.56207156e-01
-9.55304503e-01
-9.54392850e-01
-9.53472197e-01
-9.52542543e-01
-9.51603889e-01
-9.50656295e-01
-9.49699700e-01
-9.48734224e-01
-9.47759748e-01
-9.46776330e-01
-9.45784032e-01
-9.44782794e-01
-9.43772733e-01
-9.42753732e-01
-9.41725910e-01
-9.40689206e-01
-9.39643621e-01
-9.38589156e-01
-9.37525809e-01
-9.36453640e-01
-9.35372651e-01
-9.34282839e-01
-9.33184266e-01
-9.32076871e-01
-9.30960774e-01
-9.29835856e-01
-9.28702235e-01
-9.27559793e-01
-9.26408648e-01
-9.25248682e-01
-9.24080074e-01
-9.22902703e-01
-9.21716690e-01
-9.20521915e-01
-9.19318557e-01
-9.18106496e-01
-9.16885853e-01
-9.15656567e-01
-9.14418638e-01
-9.13172066e-01
-9.11916912e-01
-9.10653114e-01
-9.09380734e-01
-9.08099771e-01
-9.06810284e-01
-9.05512333e-01
-9.04205799e-01
-9.02890801e-01
-9.01567221e-01
-9.00235176e-01
-8.98894548e-01
-8.97545516e-01
-8.96188021e-01
-8.94822121e-01
-8.93447757e-01
-8.92065048e-01
-8.90673876e-01
-8.89274359e-01
-8.87866437e-01
-8.86450112e-01
-8.85025442e-01
-8.83592427e-01
-8.82151127e-01
-8.80701542e-01
-8.79243612e-01
-8.77777457e-01
-8.76302958e-01
-8.74820232e-01
-8.73329163e-01
-8.71829927e-01
-8.70322526e-01
-8.68806899e-01
-8.67283165e-01
-8.65751207e-01
-8.64211082e-01
-8.62662792e-01
-8.61106396e-01
-8.59541833e-01
-8.57969165e-01
-8.56388450e-01
-8.54799747e-01
-8.53202939e-01
-8.51598144e-01
-8.49985242e-01
-8.48364353e-01
-8.46735418e-01
-8.45098555e-01
-8.43453705e-01
-8.41800988e-01
-8.40140283e-01
-8.38471711e-01
-8.36795211e-01
-8.35110784e-01
-8.33418489e-01
-8.31718326e-01
-8.30010414e-01
-8.28294635e-01
-8.26571107e-01
-8.24839711e-01
-8.23100567e-01
-8.21353614e-01
-8.19598973e-01
-8.17836583e-01
-8.16066563e-01
-8.14288855e-01
-8.12503457e-01
-8.10710371e-01
-8.08909655e-01
-8.07101309e-01
-8.05285394e-01
-8.03461909e-01
-8.01630795e-01
-7.99792171e-01
-7.97945917e-01
-7.96092212e-01
-7.94230998e-01
-7.92362332e-01
-7.90486217e-01
-7.88602650e-01
-7.86711633e-01
-7.84813166e-01
-7.82907307e-01
-7.80994117e-01
-7.79073536e-01
-7.77145684e-01
-7.75210440e-01
-7.73267925e-01
-7.71318018e-01
-7.69360960e-01
-7.67396629e-01
-7.65425086e-01
-7.63446331e-01
-7.61460364e-01
-7.59467185e-01
-7.57466853e-01
-7.55459428e-01
-7.53444910e-01
-7.51423240e-01
-7.49394536e-01
-7.47358680e-01
-7.45315850e-01
-7.43265986e-01
-7.41209149e-01
-7.39145339e-01
-7.37074554e-01
-7.34996796e-01
-7.32912064e-01
-7.30820477e-01
-7.28722036e-01
-7.26616740e-01
-7.24504590e-01
-7.22385585e-01
-7.20259666e-01
-7.18127072e-01
-7.15987742e-01
-7.13841677e-01
-7.11688876e-01
-7.09529340e-01
-7.07363069e-01
-7.05190182e-01
-7.03010678e-01
-7.00824559e-01
-6.98631823e-01
-6.96432412e-01
-6.94226503e-01
-6.92014039e-01
-6.89795136e-01
-6.87569678e-01
-6.85337782e-01
-6.83099329e-01
-6.80854499e-01
-6.78603232e-01
-6.76345646e-01
-6.74081624e-01
-6.71811283e-01
-6.69534504e-01
-6.67251527e-01
-6.64962232e-01
-6.62666738e-01
-6.60364926e-01
-6.58056915e-01
-6.55742645e-01
-6.53422236e-01
-6.51095748e-01
-6.48763061e-01
-6.46424294e-01
-6.44079328e-01
-6.41728401e-01
-6.39371395e-01
-6.37008429e-01
-6.34639382e-01
-6.32264316e-01
-6.29883349e-01
-6.27496481e-01
-6.25103712e-01
-6.22705042e-01
-6.20300412e-01
-6.17890000e-01
-6.15473747e-01
-6.13051772e-01
-6.10623956e-01
-6.08190358e-01
-6.05751038e-01
-6.03306055e-01
-6.00855410e-01
-5.98399103e-01
-5.95937133e-01
-5.93469501e-01
-5.90996265e-01
-5.88517547e-01
-5.86033225e-01
-5.83543420e-01
-5.81048071e-01
-5.78547299e-01
-5.76041102e-01
-5.73529422e-01
-5.71012378e-01
-5.68489850e-01
-5.65962076e-01
-5.63428938e-01
-5.60890496e-01
-5.58346748e-01
-5.55797696e-01
-5.53243458e-01
-5.50684035e-01
-5.48119426e-01
-5.45549631e-01
-5.42974651e-01
-5.40394604e-01
-5.37809491e-01
-5.35219312e-01
-5.32624066e-01
-5.30023754e-01
-5.27418494e-01
-5.24808288e-01
-5.22193134e-01
-5.19573033e-01
-5.16947985e-01
-5.14318168e-01
-5.11683464e-01
-5.09043932e-01
-5.06399572e-01
-5.03750443e-01
-5.01096606e-01
-4.98438001e-01
-4.95774776e-01
-4.93106842e-01
-4.90434259e-01
-4.87757087e-01
-4.85075265e-01
-4.82388914e-01
-4.79698002e-01
-4.77002561e-01
-4.74302649e-01
-4.71598268e-01
-4.68889445e-01
-4.66176182e-01
-4.63458538e-01
-4.60736513e-01
-4.58010167e-01
-4.55279499e-01
-4.52544540e-01
-4.49805349e-01
-4.47061867e-01
-4.44314212e-01
-4.41562325e-01
-4.38806295e-01
-4.36046153e-01
-4.33281898e-01
-4.30513561e-01
-4.27741170e-01
-4.24964756e-01
-4.22184289e-01
-4.19399887e-01
-4.16611522e-01
-4.13819253e-01
-4.11023051e-01
-4.08223003e-01
-4.05419111e-01
-4.02611375e-01
-3.99799883e-01
-3.96984577e-01
-3.94165576e-01
-3.91342819e-01
-3.88516396e-01
-3.85686338e-01
-3.82852614e-01
-3.80015284e-01
-3.77174377e-01
-3.74329925e-01
-3.71481925e-01
-3.68630439e-01
-3.65775496e-01
-3.62917095e-01
-3.60055268e-01
-3.57190043e-01
-3.54321450e-01
-3.51449549e-01
-3.48574311e-01
-3.45695794e-01
-3.42814028e-01
-3.39929014e-01
-3.37040812e-01
-3.34149420e-01
-3.31254900e-01
-3.28357249e-01
-3.25456500e-01
-3.22552681e-01
-3.19645852e-01
-3.16735983e-01
-3.13823134e-01
-3.10907334e-01
-3.07988614e-01
-3.05066973e-01
-3.02142471e-01
-2.99215108e-01
-2.96284944e-01
-2.93351978e-01
-2.90416241e-01
-2.87477791e-01
-2.84536630e-01
-2.81592757e-01
-2.78646260e-01
-2.75697142e-01
-2.72745430e-01
-2.69791126e-01
-2.66834289e-01
-2.63874918e-01
-2.60913074e-01
-2.57948756e-01
-2.54982024e-01
-2.52012879e-01
-2.49041378e-01
-2.46067539e-01
-2.43091375e-01
-2.40112916e-01
-2.37132192e-01
-2.34149247e-01
-2.31164098e-01
-2.28176758e-01
-2.25187272e-01
-2.22195655e-01
-2.19201952e-01
-2.16206178e-01
-2.13208362e-01
-2.10208535e-01
-2.07206741e-01
-2.04202995e-01
-2.01197311e-01
-1.98189735e-01
-1.95180312e-01
-1.92169026e-01
-1.89155951e-01
-1.86141089e-01
-1.83124468e-01
-1.80106118e-01
-1.77086070e-01
-1.74064353e-01
-1.71041012e-01
-1.68016061e-01
-1.64989516e-01
-1.61961421e-01
-1.58931792e-01
-1.55900672e-01
-1.52868077e-01
-1.49834037e-01
-1.46798596e-01
-1.43761754e-01
-1.40723571e-01
-1.37684062e-01
-1.34643242e-01
-1.31601170e-01
-1.28557846e-01
-1.25513330e-01
-1.22467615e-01
-1.19420759e-01
-1.16372779e-01
-1.13323696e-01
-1.10273547e-01
-1.07222356e-01
-1.04170159e-01
-1.01116978e-01
-9.80628505e-02
-9.50077921e-02
-9.19518396e-02
-8.88950229e-02
-8.58373716e-02
-8.27789083e-02
-7.97196627e-02
-7.66596645e-02
-7.35989437e-02
-7.05375224e-02
-6.74754456e-02
-6.44127280e-02
-6.13494106e-02
-5.82855120e-02
-5.52210659e-02
-5.21561019e-02
-4.90906462e-02
-4.60247248e-02
-4.29583713e-02
-3.98916118e-02
-3.68244760e-02
-3.37569900e-02
-3.06891967e-02
-2.76211221e-02
-2.45526936e-02
-2.14836579e-02
-1.84149593e-02
-1.53536163e-02
-1.23211667e-02
-9.35838185e-03
-6.51513832e-03
-3.82149941e-03
-1.25674612e-03
1.25674612e-03
3.82149941e-03
