-3.54401208e-03
-1.13199791e-03
1.13199791e-03
3.54401208e-03
6.24896772e-03
9.21028573e-03
1.22707151e-02
1.53473644e-02
1.84155107e-02
2.14843675e-02
2.45529842e-02
2.76213679e-02
3.06894928e-02
3.37573290e-02
3.68248448e-02
3.98920178e-02
4.29588147e-02
4.60252054e-02
4.90911640e-02
5.21566570e-02
5.52216582e-02
5.82861416e-02
6.13500774e-02
6.44134358e-02
6.74761757e-02
7.05382898e-02
7.35997409e-02
7.66604990e-02
7.97205344e-02
8.27798173e-02
8.58383179e-02
8.88960063e-02
9.19528604e-02
9.50088501e-02
9.80639458e-02
1.01118110e-01
1.04171328e-01
1.07223563e-01
1.10274792e-01
1.13324977e-01
1.16374098e-01
1.19422123e-01
1.22469023e-01
1.25514761e-01
1.28559321e-01
1.31602675e-01
1.34644777e-01
1.37685627e-01
1.40725166e-01
1.43763393e-01
1.46800250e-01
1.49835736e-01
1.52869806e-01
1.55902430e-01
1.58933595e-01
1.61963254e-01
1.64991394e-01
1.68017983e-01
1.71042979e-01
1.74066365e-01
1.77088112e-01
1.80108190e-01
1.83126569e-01
1.86143219e-01
1.89158127e-01
1.92171246e-01
1.95182547e-01
1.98192015e-01
2.01199636e-01
2.04205334e-01
2.07209125e-01
2.10210964e-01
2.13210821e-01
2.16208652e-01
2.19204471e-01
2.22198203e-01
2.25189850e-01
2.28179380e-01
2.31166750e-01
2.34151945e-01
2.37134933e-01
2.40115702e-01
2.43094191e-01
2.46070400e-01
2.49044284e-01
2.52015829e-01
2.54985005e-01
2.57951766e-01
2.60916084e-01
2.63877958e-01
2.66837358e-01
2.69794226e-01
2.72748560e-01
2.75700331e-01
2.78649479e-01
2.81596035e-01
2.84539908e-01
2.87481129e-01
2.90419608e-01
2.93355376e-01
2.96288371e-01
2.99218565e-01
3.02145958e-01
3.05070519e-01
3.07992190e-01
3.10910940e-01
3.13826770e-01
3.16739649e-01
3.19649547e-01
3.22556436e-01
3.25460285e-01
3.28361064e-01
3.31258744e-01
3.34153295e-01
3.37044716e-01
3.39932948e-01
3.42817992e-01
3.45699787e-01
3.48578364e-01
3.51453602e-01
3.54325563e-01
3.57194185e-01
3.60059440e-01
3.62921298e-01
3.65779728e-01
3.68634731e-01
3.71486247e-01
3.74334276e-01
3.77178758e-01
3.80019695e-01
3.82857054e-01
3.85690808e-01
3.88520926e-01
3.91347378e-01
3.94170165e-01
3.96989197e-01
3.99804533e-01
4.02616054e-01
4.05423820e-01
4.08227742e-01
4.11027849e-01
4.13824052e-01
4.16616380e-01
4.19404775e-01
4.22189206e-01
4.24969703e-01
4.27746147e-01
4.30518597e-01
4.33286965e-01
4.36051250e-01
4.38811421e-01
4.41567481e-01
4.44319367e-01
4.47067052e-01
4.49810565e-01
4.52549815e-01
4.55284804e-01
4.58015501e-01
4.60741878e-01
4.63463932e-01
4.66181606e-01
4.68894899e-01
4.71603781e-01
4.74308193e-01
4.77008164e-01
4.79703605e-01
4.82394546e-01
4.85080928e-01
4.87762779e-01
4.90439981e-01
4.93112594e-01
4.95780557e-01
4.98443842e-01
5.01102448e-01
5.03756344e-01
5.06405473e-01
5.09049833e-01
5.11689365e-01
5.14324069e-01
5.16954005e-01
5.19579053e-01
5.22199214e-01
5.24814367e-01
5.27424634e-01
5.30029953e-01
5.32630265e-01
5.35225570e-01
5.37815809e-01
5.40400922e-01
5.42981029e-01
5.45556009e-01
5.48125863e-01
5.50690472e-01
5.53249955e-01
5.55804253e-01
5.58353305e-01
5.60897052e-01
5.63435495e-01
5.65968633e-01
5.68496525e-01
5.71018994e-01
5.73536098e-01
5.76047778e-01
5.78554034e-01
5.81054866e-01
5.83550274e-01
5.86040139e-01
5.88524401e-01
5.91003180e-01
5.93476355e-01
5.95944047e-01
5.98406017e-01
6.00862384e-01
6.03313088e-01
6.05758131e-01
6.08197510e-01
6.10631108e-01
6.13058925e-01
6.15480959e-01
6.17897213e-01
6.20307684e-01
6.22712314e-01
6.25110984e-01
6.27503812e-01
6.29890740e-01
6.32271767e-01
6.34646773e-01
6.37015820e-01
6.39378846e-01
6.41735911e-01
6.44086897e-01
6.46431804e-01
6.48770690e-01
6.51103377e-01
6.53429925e-01
6.55750334e-01
6.58064604e-01
6.60372674e-01
6.62674487e-01
6.64970040e-01
6.67259336e-01
6.69542372e-01
6.71819091e-01
6.74089491e-01
6.76353514e-01
6.78611159e-01
6.80862427e-01
6.83107316e-01
6.85345769e-01
6.87577724e-01
6.89803183e-01
6.92022145e-01
6.94234610e-01
6.96440578e-01
6.98639929e-01
7.00832725e-01
7.03018844e-01
7.05198407e-01
7.07371354e-01
7.09537625e-01
7.11697221e-01
7.13850081e-01
7.15996206e-01
7.18135536e-01
7.20268190e-01
7.22393990e-01
7.24513054e-01
7.26625204e-01
7.28730559e-01
7.30829060e-01
7.32920647e-01
7.35005379e-01
7.37083197e-01
7.39153981e-01
7.41217852e-01
7.43274689e-01
7.45324612e-01
7.47367442e-01
7.49403298e-01
7.51432002e-01
7.53453672e-01
7.55468249e-01
7.57475734e-01
7.59476066e-01
7.61469245e-01
7.63455212e-01
7.65434027e-01
7.67405570e-01
7.69369960e-01
7.71327078e-01
7.73276925e-01
7.75219500e-01
7.77154744e-01
7.79082656e-01
7.81003237e-01
7.82916486e-01
7.84822345e-01
7.86720812e-01
7.88611889e-01
7.90495455e-01
7.92371631e-01
7.94240296e-01
7.96101570e-01
7.97955275e-01
7.99801528e-01
8.01640153e-01
8.03471267e-01
8.05294812e-01
8.07110786e-01
8.08919132e-01
8.10719907e-01
8.12512994e-01
8.14298451e-01
8.16076219e-01
8.17846239e-01
8.19608629e-01
8.21363270e-01
8.23110223e-01
8.24849367e-01
8.26580763e-01
8.28304350e-01
8.30020130e-01
8.31728101e-01
8.33428264e-01
8.35120559e-01
8.36804986e-01
8.38481545e-01
8.40150177e-01
8.41810882e-01
8.43463659e-01
8.45108449e-01
8.46745372e-01
8.48374248e-01
8.49995196e-01
8.51608098e-01
8.53213012e-01
8.54809821e-01
8.56398582e-01
8.57979298e-01
8.59551907e-01
8.61116469e-01
8.62672925e-01
8.64221215e-01
8.65761340e-01
8.67293298e-01
8.68817091e-01
8.70332778e-01
8.71840239e-01
8.73339474e-01
8.74830484e-01
8.76313210e-01
8.77787709e-01
8.79253924e-01
8.80711854e-01
8.82161498e-01
8.83602858e-01
8.85035872e-01
8.86460543e-01
8.87876868e-01
8.89284849e-01
8.90684426e-01
8.92075598e-01
8.93458366e-01
8.94832671e-01
8.96198630e-01
8.97556067e-01
8.98905158e-01
9.00245726e-01
9.01577830e-01
9.02901411e-01
9.04216468e-01
9.05523002e-01
9.06821012e-01
9.08110499e-01
9.09391403e-01
9.10663784e-01
9.11927581e-01
9.13182795e-01
9.14429367e-01
9.15667355e-01
9.16896701e-01
9.18117344e-01
9.19329405e-01
9.20532763e-01
9.21727538e-01
9.22913551e-01
9.24090922e-01
9.25259590e-01
9.26419497e-01
9.27570701e-01
9.28713083e-01
9.29846764e-01
9.30971682e-01
9.32087839e-01
9.33195233e-01
9.34293866e-01
9.35383677e-01
9.36464667e-01
9.37536836e-01
9.38600123e-01
9.39654648e-01
9.40700293e-01
9.41737056e-01
9.42764878e-01
9.43783879e-01
9.44793940e-01
9.45795178e-01
9.46787477e-01
9.47770894e-01
9.48745370e-01
9.49710906e-01
9.50667441e-01
9.51615095e-01
9.52553749e-01
9.53483403e-01
9.54404116e-01
9.55315769e-01
9.56218421e-01
9.57112074e-01
9.57996726e-01
9.58872378e-01
9.59739029e-01
9.60596561e-01
9.61445093e-01
9.62284565e-01
9.63114977e-01
9.63936269e-01
9.64748502e-01
9.65551674e-01
9.66345727e-01
9.67130661e-01
9.67906475e-01
9.68673170e-01
9.69430745e-01
9.70179200e-01
9.70918536e-01
9.71648693e-01
9.72369671e-01
9.73081529e-01
9.73784208e-01
9.74477768e-01
9.75162089e-01
9.75837231e-01
9.76503193e-01
9.77159917e-01
9.77807462e-01
9.78445768e-01
9.79074895e-01
9.79694724e-01
9.80305374e-01
9.80906785e-01
9.81498957e-01
9.82081890e-01
9.82655585e-01
9.83219981e-01
9.83775139e-01
9.84320998e-01
9.84857619e-01
9.85384941e-01
9.85903025e-01
9.86411750e-01
9.86911237e-01
9.87401426e-01
9.87882257e-01
9.88353848e-01
9.88816082e-01
9.89269018e-01
9.89712596e-01
9.90146875e-01
9.90571856e-01
9.90987480e-01
9.91393745e-01
9.91790712e-01
9.92178321e-01
9.92556572e-01
9.92925465e-01
9.93285000e-01
9.93635178e-01
9.93975997e-01
9.94307399e-01
9.94629502e-01
9.94942188e-01
9.95245576e-01
9.95539546e-01
9.95824158e-01
9.96099353e-01
9.96365190e-01
9.96621609e-01
9.96868670e-01
9.97106314e-01
9.97334599e-01
9.97553408e-01
9.97762918e-01
9.97962952e-01
9.98153627e-01
9.98334885e-01
9.98506725e-01
9.98669207e-01
9.98822212e-01
9.98965859e-01
9.99100089e-01
9.99224901e-01
9.99340296e-01
9.99446213e-01
9.99542773e-01
9.99629915e-01
9.99707699e-01
9.99776006e-01
9.99834895e-01
9.99884307e-01
9.99924362e-01
9.99954939e-01
9.99976158e-01
9.99987900e-01
9.99990284e-01
9.99983251e-01
9.99966741e-01
9.99940813e-01
9.99905467e-01
9.99860764e-01
9.99806583e-01
9.99742985e-01
9.99669969e-01
9.99587536e-01
9.99495685e-01
9.99394417e-01
9.99283731e-01
9.99163687e-01
9.99034166e-01
9.98895228e-01
9.98746872e-01
9.98589158e-01
9.98421967e-01
9.98245418e-01
9.98059452e-01
9.97864127e-01
9.97659326e-01
9.97445166e-01
9.97221649e-01
9.96988654e-01
9.96746302e-01
9.96494591e-01
9.96233404e-01
9.95962918e-01
9.95683014e-01
9.95393753e-01
9.95095074e-01
9.94787037e-01
9.94469643e-01
9.94142830e-01
9.93806720e-01
9.93461192e-01
9.93106365e-01
9.92742121e-01
9.92368579e-01
9.91985679e-01
9.91593421e-01
9.91191804e-01
9.90780830e-01
9.90360558e-01
9.89930928e-01
9.89491999e-01
9.89043713e-01
9.88586128e-01
9.88119245e-01
9.87643003e-01
9.87157464e-01
9.86662686e-01
9.86158550e-01
9.85645115e-01
9.85122442e-01
9.84590471e-01
9.84049201e-01
9.83498693e-01
9.82938886e-01
9.82369840e-01
9.81791556e-01
9.81204033e-01
9.80607271e-01
9.80001271e-01
9.79386032e-01
9.78761494e-01
9.78127778e-01
9.77484822e-01
9.76832688e-01
9.76171374e-01
9.75500822e-01
9.74821091e-01
9.74132121e-01
9.73434031e-01
9.72726762e-01
9.72010314e-01
9.71284747e-01
9.70550001e-01
9.69806135e-01
9.69053090e-01
9.68290985e-01
9.67519701e-01
9.66739357e-01
9.65949833e-01
9.65151250e-01
9.64343548e-01
9.63526785e-01
9.62700903e-01
9.61865962e-01
9.61021960e-01
9.60168958e-01
9.59306836e-01
9.58435714e-01
9.57555532e-01
9.56666350e-01
9.55768168e-01
9.54860985e-01
9.53944862e-01
9.53019679e-01
9.52085555e-01
9.51142371e-01
9.50190306e-01
9.49229240e-01
9.48259234e-01
9.47280288e-01
9.46292460e-01
9.45295691e-01
9.44290042e-01
9.43275452e-01
9.42252040e-01
9.41219747e-01
9.40178573e-01
9.39128518e-01
9.38069582e-01
9.37001824e-01
9.35925245e-01
9.34839845e-01
9.33745682e-01
9.32642698e-01
9.31530893e-01
9.30410385e-01
9.29281056e-01
9.28143024e-01
9.26996171e-01
9.25840616e-01
9.24676359e-01
9.23503339e-01
9.22321677e-01
9.21131253e-01
9.19932187e-01
9.18724418e-01
9.17508066e-01
9.16283071e-01
9.15049434e-01
9.13807154e-01
9.12556291e-01
9.11296785e-01
9.10028696e-01
9.08752024e-01
9.07466829e-01
9.06173050e-01
9.04870808e-01
9.03559983e-01
9.02240694e-01
9.00912821e-01
8.99576545e-01
8.98231685e-01
8.96878421e-01
8.95516694e-01
8.94146562e-01
8.92767966e-01
8.91381025e-01
8.89985681e-01
8.88581932e-01
8.87169778e-01
8.85749280e-01
8.84320378e-01
8.82883191e-01
8.81437719e-01
8.79983962e-01
8.78521919e-01
8.77051532e-01
8.75572920e-01
8.74086022e-01
8.72590899e-01
8.71087551e-01
8.69575977e-01
8.68056297e-01
8.66528392e-01
8.64992321e-01
8.63448083e-01
8.61895740e-01
8.60335231e-01
8.58766615e-01
8.57189953e-01
8.55605185e-01
8.54012370e-01
8.52411568e-01
8.50802660e-01
8.49185765e-01
8.47560823e-01
8.45927954e-01
8.44287038e-01
8.42638254e-01
8.40981483e-01
8.39316845e-01
8.37644279e-01
8.35963786e-01
8.34275424e-01
8.32579195e-01
8.30875158e-01
8.29163253e-01
8.27443600e-01
8.25716078e-01
8.23980808e-01
8.22237730e-01
8.20486963e-01
8.18728387e-01
8.16962183e-01
8.15188289e-01
8.13406706e-01
8.11617434e-01
8.09820473e-01
8.08015943e-01
8.06203783e-01
8.04384053e-01
8.02556753e-01
8.00721824e-01
7.98879385e-01
7.97029376e-01
7.95171916e-01
7.93306887e-01
7.91434467e-01
7.89554596e-01
7.87667274e-01
7.85772502e-01
7.83870339e-01
7.81960785e-01
7.80043900e-01
7.78119624e-01
7.76188076e-01
7.74249136e-01
7.72302926e-01
7.70349383e-01
7.68388689e-01
7.66420722e-01
7.64445543e-01
7.62463152e-01
7.60473549e-01
7.58476794e-01
7.56472886e-01
7.54461884e-01
7.52443790e-01
7.50418603e-01
7.48386264e-01
7.46346951e-01
7.44300544e-01
7.42247164e-01
7.40186810e-01
7.38119483e-01
7.36045182e-01
7.33963907e-01
7.31875718e-01
7.29780674e-01
7.27678776e-01
7.25570023e-01
7.23454416e-01
7.21331954e-01
7.19202697e-01
7.17066705e-01
7.14923918e-01
7.12774456e-01
7.10618258e-01
7.08455324e-01
7.06285715e-01
7.04109490e-01
7.01926649e-01
6.99737191e-01
6.97541118e-01
6.95338428e-01
6.93129241e-01
6.90913498e-01
6.88691318e-01
6.86462581e-01
6.84227347e-01
6.81985676e-01
6.79737628e-01
6.77483201e-01
6.75222337e-01
6.72955155e-01
6.70681536e-01
6.68401659e-01
6.66115463e-01
6.63823068e-01
6.61524355e-01
6.59219444e-01
6.56908274e-01
6.54590905e-01
6.52267396e-01
6.49937809e-01
6.47602022e-01
6.45260155e-01
6.42912149e-01
6.40558183e-01
6.38198137e-01
6.35832131e-01
6.33460045e-01
6.31081998e-01
6.28698051e-01
6.26308203e-01
6.23912394e-01
6.21510744e-01
6.19103193e-01
6.16689861e-01
6.14270687e-01
6.11845791e-01
6.09415054e-01
6.06978536e-01
6.04536355e-01
6.02088511e-01
5.99635005e-01
5.97175777e-01
5.94710946e-01
5.92240512e-01
5.89764476e-01
5.87282956e-01
5.84795892e-01
5.82303286e-01
5.79805195e-01
5.77301621e-01
5.74792683e-01
5.72278261e-01
5.69758475e-01
5.67233264e-01
5.64702809e-01
5.62166989e-01
5.59625864e-01
5.57079434e-01
5.54527760e-01
5.51970899e-01
5.49408853e-01
5.46841621e-01
5.44269204e-01
5.41691661e-01
5.39108992e-01
5.36521316e-01
5.33928573e-01
5.31330764e-01
5.28727949e-01
5.26120186e-01
5.23507476e-01
5.20889759e-01
5.18267155e-01
5.15639663e-01
5.13007402e-01
5.10370255e-01
5.07728279e-01
5.05081534e-01
5.02430022e-01
4.99773741e-01
4.97112811e-01
4.94447172e-01
4.91776913e-01
4.89101976e-01
4.86422449e-01
4.83738333e-01
4.81049657e-01
4.78356451e-01
4.75658745e-01
4.72956568e-01
4.70249921e-01
4.67538834e-01
4.64823335e-01
4.62103486e-01
4.59379256e-01
4.56650734e-01
4.53917861e-01
4.51180726e-01
4.48439360e-01
4.45693761e-01
4.42943960e-01
4.40189987e-01
4.37431872e-01
4.34669644e-01
4.31903303e-01
4.29132879e-01
4.26358432e-01
4.23579991e-01
4.20797527e-01
4.18011099e-01
4.15220737e-01
4.12426472e-01
4.09628332e-01
4.06826317e-01
4.04020458e-01
4.01210785e-01
3.98397356e-01
3.95580173e-01
3.92759264e-01
3.89934659e-01
3.87106359e-01
3.84274423e-01
3.81438851e-01
3.78599703e-01
3.75756979e-01
3.72910738e-01
3.70060951e-01
3.67207676e-01
3.64350975e-01
3.61490816e-01
3.58627260e-01
3.55760306e-01
3.52890044e-01
3.50016415e-01
3.47139508e-01
3.44259322e-01
3.41375917e-01
3.38489264e-01
3.35599422e-01
3.32706451e-01
3.29810321e-01
3.26911092e-01
3.24008763e-01
3.21103394e-01
3.18194985e-01
3.15283626e-01
3.12369257e-01
3.09451967e-01
3.06531727e-01
3.03608626e-01
3.00682664e-01
2.97753870e-01
2.94822276e-01
2.91887879e-01
2.88950741e-01
2.86010891e-01
2.83068329e-01
2.80123115e-01
2.77175248e-01
2.74224788e-01
2.71271735e-01
2.68316120e-01
2.65358001e-01
2.62397379e-01
2.59434253e-01
2.56468713e-01
2.53500730e-01
2.50530362e-01
2.47557655e-01
2.44582623e-01
2.41605267e-01
2.38625631e-01
2.35643744e-01
2.32659653e-01
2.29673356e-01
2.26684898e-01
2.23694310e-01
2.20701620e-01
2.17706844e-01
2.14710012e-01
2.11711153e-01
2.08710313e-01
2.05707505e-01
2.02702761e-01
1.99696109e-01
1.96687564e-01
1.93677172e-01
1.90664947e-01
1.87650934e-01
1.84635147e-01
1.81617618e-01
1.78598389e-01
1.75577462e-01
1.72554895e-01
1.69530705e-01
1.66504905e-01
1.63477540e-01
1.60448641e-01
1.57418221e-01
1.54386327e-01
1.51352972e-01
1.48318186e-01
1.45282015e-01
1.42244473e-01
1.39205590e-01
1.36165395e-01
1.33123919e-01
1.30081192e-01
1.27037227e-01
1.23992071e-01
1.20945744e-01
1.17898278e-01
1.14849702e-01
1.11800045e-01
1.08749337e-01
1.05697602e-01
1.02644876e-01
9.95911732e-02
9.65365395e-02
9.34809968e-02
9.04245749e-02
8.73672962e-02
8.43091980e-02
8.12503025e-02
7.81906396e-02
7.51302391e-02
7.20691308e-02
6.90073445e-02
6.59449100e-02
6.28818572e-02
5.98182082e-02
5.67539968e-02
5.36892526e-02
5.06239980e-02
4.75582704e-02
4.44920957e-02
4.14255001e-02
3.83585095e-02
3.52911614e-02
3.22234817e-02
2.91554965e-02
2.60872375e-02
2.30187327e-02
1.99500099e-02
1.68811008e-02
1.38120325e-02
1.07428338e-02
7.67353317e-03
4.60416079e-03
1.53474486e-03
-1.53468526e-03
-4.60410118e-03
-7.67347356e-03
-1.07427742e-02
-1.38119729e-02
-1.68810412e-02
-1.99499503e-02
-2.30186731e-02
-2.60871779e-02
-2.91554369e-02
-3.22234221e-02
-3.52911018e-02
-3.83584499e-02
-4.14254405e-02
-4.44920361e-02
-4.75582108e-02
-5.06239384e-02
-5.36891930e-02
-5.67539372e-02
-5.98181486e-02
-6.28817976e-02
-6.59448504e-02
-6.90072849e-02
-7.20690712e-02
-7.51301795e-02
-7.81905800e-02
-8.12502429e-02
-8.43091384e-02
-8.73672366e-02
-9.04245153e-02
-9.34809372e-02
-9.65364799e-02
-9.95911136e-02
-1.02644816e-01
-1.05697542e-01
-1.08749278e-01
-1.11799985e-01
-1.14849642e-01
-1.17898218e-01
-1.20945685e-01
-1.23992011e-01
-1.27037168e-01
-1.30081132e-01
-1.33123860e-01
-1.36165336e-01
-1.39205530e-01
-1.42244413e-01
-1.45281956e-01
-1.48318127e-01
-1.51352912e-01
-1.54386267e-01
-1.57418162e-01
-1.60448581e-01
-1.63477480e-01
-1.66504845e-01
-1.69530645e-01
-1.72554836e-01
-1.75577402e-01
-1.78598329e-01
-1.81617558e-01
-1.84635088e-01
-1.87650874e-01
-1.90664887e-01
-1.93677112e-01
-1.96687505e-01
-1.99696049e-01
-2.02702701e-01
-2.05707446e-01
-2.08710253e-01
-2.11711094e-01
-2.14709952e-01
-2.17706785e-01
-2.20701560e-01
-2.23694250e-01
-2.26684853e-01
-2.29673296e-01
-2.32659593e-01
-2.35643700e-01
-2.38625571e-01
-2.41605207e-01
-2.44582564e-01
-2.47557595e-01
-2.50530303e-01
-2.53500670e-01
-2.56468654e-01
-2.59434193e-01
-2.62397319e-01
-2.65357941e-01
-2.68316060e-01
-2.71271676e-01
-2.74224728e-01
-2.77175188e-01
-2.80123055e-01
-2.83068269e-01
-2.86010832e-01
-2.88950682e-01
-2.91887820e-01
-2.94822216e-01
-2.97753811e-01
-3.00682604e-01
-3.03608567e-01
-3.06531698e-01
-3.09451908e-01
-3.12369227e-01
-3.15283567e-01
-3.18194956e-01
-3.21103334e-01
-3.24008733e-01
-3.26911032e-01
-3.29810262e-01
-3.32706392e-01
-3.35599363e-01
-3.38489205e-01
-3.41375858e-01
-3.44259262e-01
-3.47139448e-01
-3.50016356e-01
-3.52889985e-01
-3.55760247e-01
-3.58627200e-01
-3.61490756e-01
-3.64350915e-01
-3.67207646e-01
-3.70060891e-01
-3.72910649e-01
-3.75756919e-01
-3.78599644e-01
-3.81438792e-01
-3.84274364e-01
-3.87106299e-01
-3.89934599e-01
-3.92759204e-01
-3.95580113e-01
-3.98397297e-01
-4.01210725e-01
-4.04020399e-01
-4.06826258e-01
-4.09628272e-01
-4.12426442e-01
-4.15220708e-01
-4.18011069e-01
-4.20797467e-01
-4.23579931e-01
-4.26358402e-01
-4.29132849e-01
-4.31903243e-01
-4.34669584e-01
-4.37431842e-01
-4.40189958e-01
-4.42943931e-01
-4.45693731e-01
-4.48439300e-01
-4.51180696e-01
-4.53917801e-01
-4.56650674e-01
-4.59379196e-01
-4.62103426e-01
-4.64823276e-01
-4.67538774e-01
-4.70249861e-01
-4.72956508e-01
-4.75658715e-01
-4.78356421e-01
-4.81049627e-01
-4.83738303e-01
-4.86422390e-01
-4.89101946e-01
-4.91776854e-01
-4.94447142e-01
-4.97112751e-01
-4.99773681e-01
-5.02429962e-01
-5.05081475e-01
-5.07728219e-01
-5.10370195e-01
-5.13007343e-01
-5.15639603e-01
-5.18267095e-01
-5.20889699e-01
-5.23507416e-01
-5.26120126e-01
-5.28727889e-01
-5.31330705e-01
-5.33928514e-01
-5.36521256e-01
-5.39108932e-01
-5.41691601e-01
-5.44269145e-01
-5.46841562e-01
-5.49408793e-01
-5.51970840e-01
-5.54527700e-01
-5.57079375e-01
-5.59625804e-01
-5.62166929e-01
-5.64702749e-01
-5.67233205e-01
-5.69758415e-01
-5.72278202e-01
-5.74792624e-01
-5.77301562e-01
-5.79805136e-01
-5.82303226e-01
-5.84795833e-01
-5.87282896e-01
-5.89764416e-01
-5.92240453e-01
-5.94710886e-01
-5.97175777e-01
-5.99634945e-01
-6.02088511e-01
-6.04536355e-01
-6.06978536e-01
-6.09414995e-01
-6.11845672e-01
-6.14270627e-01
-6.16689742e-01
-6.19103134e-01
-6.21510684e-01
-6.23912394e-01
-6.26308143e-01
-6.28697991e-01
-6.31081939e-01
-6.33459985e-01
-6.35832071e-01
-6.38198137e-01
-6.40558124e-01
-6.42912149e-01
-6.45260096e-01
-6.47602022e-01
-6.49937749e-01
-6.52267396e-01
-6.54590845e-01
-6.56908214e-01
-6.59219384e-01
-6.61524355e-01
-6.63823009e-01
-6.66115463e-01
-6.68401599e-01
-6.70681536e-01
-6.72955096e-01
-6.75222337e-01
-6.77483141e-01
-6.79737628e-01
-6.81985676e-01
-6.84227347e-01
-6.86462522e-01
-6.88691258e-01
-6.90913498e-01
-6.93129182e-01
-6.95338428e-01
-6.97541058e-01
-6.99737191e-01
-7.01926649e-01
-7.04109490e-01
-7.06285715e-01
-7.08455324e-01
-7.10618198e-01
-7.12774396e-01
-7.14923859e-01
-7.17066646e-01
-7.19202638e-01
-7.21331894e-01
-7.23454356e-01
-7.25570023e-01
-7.27678776e-01
-7.29780674e-01
-7.31875718e-01
-7.33963847e-01
-7.36045122e-01
-7.38119423e-01
-7.40186751e-01
-7.42247105e-01
-7.44300485e-01
-7.46346891e-01
-7.48386264e-01
-7.50418544e-01
-7.52443790e-01
-7.54461884e-01
-7.56472886e-01
-7.58476794e-01
-7.60473549e-01
-7.62463152e-01
-7.64445543e-01
-7.66420722e-01
-7.68388689e-01
-7.70349383e-01
-7.72302866e-01
-7.74249136e-01
-7.76188016e-01
-7.78119624e-01
-7.80043840e-01
-7.81960785e-01
-7.83870339e-01
-7.85772502e-01
-7.87667274e-01
-7.89554596e-01
-7.91434467e-01
-7.93306887e-01
-7.95171857e-01
-7.97029376e-01
-7.98879325e-01
-8.00721824e-01
-8.02556694e-01
-8.04383993e-01
-8.06203723e-01
-8.08015883e-01
-8.09820473e-01
-8.11617374e-01
-8.13406646e-01
-8.15188229e-01
-8.16962123e-01
-8.18728387e-01
-8.20486903e-01
-8.22237730e-01
-8.23980749e-01
-8.25716078e-01
-8.27443540e-01
-8.29163253e-01
-8.30875099e-01
-8.32579136e-01
-8.34275365e-01
-8.35963726e-01
-8.37644219e-01
-8.39316785e-01
-8.40981483e-01
-8.42638195e-01
-8.44287038e-01
-8.45927894e-01
-8.47560823e-01
-8.49185705e-01
-8.50802660e-01
-8.52411509e-01
-8.54012370e-01
-8.55605125e-01
-8.57189894e-01
-8.58766615e-01
-8.60335231e-01
-8.61895680e-01
-8.63448083e-01
-8.64992321e-01
-8.66528392e-01
-8.68056238e-01
-8.69575977e-01
-8.71087492e-01
-8.72590840e-01
-8.74085963e-01
-8.75572860e-01
-8.77051532e-01
-8.78521860e-01
-8.79983962e-01
-8.81437719e-01
-8.82883191e-01
-8.84320378e-01
-8.85749221e-01
-8.87169719e-01
-8.88581872e-01
-8.89985621e-01
-8.91380966e-01
-8.92767966e-01
-8.94146502e-01
-8.95516694e-01
-8.96878421e-01
-8.98231745e-01
-8.99576485e-01
-9.00912821e-01
-9.02240634e-01
-9.03559983e-01
-9.04870749e-01
-9.06173050e-01
-9.07466829e-01
-9.08752024e-01
-9.10028696e-01
-9.11296785e-01
-9.12556231e-01
-9.13807154e-01
-9.15049434e-01
-9.16283071e-01
-9.17508066e-01
-9.18724418e-01
-9.19932187e-01
-9.21131253e-01
-9.22321618e-01
-9.23503339e-01
-9.24676299e-01
-9.25840616e-01
-9.26996171e-01
-9.28143024e-01
-9.29281056e-01
-9.30410385e-01
-9.31530893e-01
-9.32642639e-01
-9.33745623e-01
-9.34839845e-01
-9.35925245e-01
-9.37001824e-01
-9.38069582e-01
-9.39128458e-01
-9.40178514e-01
-9.41219687e-01
-9.42251980e-01
-9.43275452e-01
-9.44289982e-01
-9.45295691e-01
-9.46292460e-01
-9.47280288e-01
-9.48259234e-01
-9.49229181e-01
-9.50190246e-01
-9.51142371e-01
-9.52085495e-01
-9.53019679e-01
-9.53944802e-01
-9.54860985e-01
-9.55768168e-01
-9.56666350e-01
-9.57555532e-01
-9.58435714e-01
-9.59306836e-01
-9.60168898e-01
-9.61021960e-01
-9.61865962e-01
-9.62700903e-01
-9.63526785e-01
-9.64343548e-01
-9.65151250e-01
-9.65949833e-01
-9.66739297e-01
-9.67519701e-01
-9.68290925e-01
-9.69053090e-01
-9.69806075e-01
-9.70550001e-01
-9.71284747e-01
-9.72010314e-01
-9.72726762e-01
-9.73433971e-01
-9.74132121e-01
-9.74821031e-01
-9.75500822e-01
-9.76171315e-01
-9.76832688e-01
-9.77484822e-01
-9.78127778e-01
-9.78761494e-01
-9.79385972e-01
-9.80001271e-01
-9.80607271e-01
-9.81204033e-01
-9.81791556e-01
-9.82369840e-01
-9.82938886e-01
-9.83498693e-01
-9.84049201e-01
-9.84590471e-01
-9.85122442e-01
-9.85645115e-01
-9.86158550e-01
-9.86662686e-01
-9.87157464e-01
-9.87643003e-01
-9.88119185e-01
-9.88586128e-01
-9.89043713e-01
-9.89491999e-01
-9.89930928e-01
-9.90360558e-01
-9.90780830e-01
-9.91191804e-01
-9.91593421e-01
-9.91985679e-01
-9.92368579e-01
-9.92742121e-01
-9.93106306e-01
-9.93461192e-01
-9.93806660e-01
-9.94142830e-01
-9.94469583e-01
-9.94787037e-01
-9.95095074e-01
-9.95393693e-01
-9.95683014e-01
-9.95962918e-01
-9.96233404e-01
-9.96494532e-01
-9.96746302e-01
-9.96988654e-01
-9.97221589e-01
-9.97445166e-01
-9.97659326e-01
-9.97864127e-01
-9.98059452e-01
-9.98245418e-01
-9.98421967e-01
-9.98589158e-01
-9.98746872e-01
-9.98895228e-01
-9.99034166e-01
-9.99163628e-01
-9.99283731e-01
-9.99394417e-01
-9.99495685e-01
-9.99587536e-01
-9.99669909e-01
-9.99742985e-01
-9.99806583e-01
-9.99860764e-01
-9.99905467e-01
-9.99940813e-01
-9.99966741e-01
-9.99983251e-01
-9.99990284e-01
-9.99987900e-01
-9.99976158e-01
-9.99954939e-01
-9.99924362e-01
-9.99884307e-01
-9.99834895e-01
-9.99776006e-01
-9.99707699e-01
-9.99629915e-01
-9.99542773e-01
-9.99446213e-01
-9.99340296e-01
-9.99224901e-01
-9.99100089e-01
-9.98965859e-01
-9.98822272e-01
-9.98669207e-01
-9.98506784e-01
-9.98334885e-01
-9.98153627e-01
-9.97962952e-01
-9.97762918e-01
-9.97553408e-01
-9.97334599e-01
-9.97106314e-01
-9.96868670e-01
-9.96621609e-01
-9.96365190e-01
-9.96099353e-01
-9.95824158e-01
-9.95539546e-01
-9.95245576e-01
-9.94942248e-01
-9.94629502e-01
-9.94307458e-01
-9.93975997e-01
-9.93635178e-01
-9.93285000e-01
-9.92925465e-01
-9.92556572e-01
-9.92178321e-01
-9.91790712e-01
-9.91393745e-01
-9.90987480e-01
-9.90571856e-01
-9.90146935e-01
-9.89712656e-01
-9.89269018e-01
-9.88816082e-01
-9.88353848e-01
-9.87882257e-01
-9.87401426e-01
-9.86911237e-01
-9.86411750e-01
-9.85903025e-01
-9.85384941e-01
-9.84857619e-01
-9.84320998e-01
-9.83775139e-01
-9.83219981e-01
-9.82655585e-01
-9.82081890e-01
-9.81498957e-01
-9.80906785e-01
-9.80305374e-01
-9.79694784e-01
-9.79074895e-01
-9.78445828e-01
-9.77807462e-01
-9.77159917e-01
-9.76503193e-01
-9.75837231e-01
-9.75162089e-01
-9.74477768e-01
-9.73784268e-01
-9.73081589e-01
-9.72369730e-01
-9.71648693e-01
-9.70918536e-01
-9.70179200e-01
-9.69430804e-01
-9.68673229e-01
-9.67906535e-01
-9.67130721e-01
-9.66345787e-01
-9.65551734e-01
-9.64748561e-01
-9.63936329e-01
-9.63114977e-01
-9.62284565e-01
-9.61445153e-01
-9.60596621e-01
-9.59739029e-01
-9.58872437e-01
-9.57996786e-01
-9.57112134e-01
-9.56218481e-01
-9.55315769e-01
-9.54404116e-01
-9.53483403e-01
-9.52553749e-01
-9.51615095e-01
-9.50667441e-01
-9.49710906e-01
-9.48745370e-01
-9.47770953e-01
-9.46787536e-01
-9.45795178e-01
-9.44793999e-01
-9.43783879e-01
-9.42764938e-01
-9.41737056e-01
-9.40700293e-01
-9.39654648e-01
-9.38600183e-01
-9.37536836e-01
-9.36464667e-01
-9.35383677e-01
-9.34293866e-01
-9.33195293e-01
-9.32087898e-01
-9.30971742e-01
-9.29846823e-01
-9.28713143e-01
-9.27570701e-01
-9.26419497e-01
-9.25259590e-01
-9.24090922e-01
-9.22913611e-01
-9.21727538e-01
-9.20532823e-01
-9.19329405e-01
-9.18117404e-01
-9.16896701e-01
-9.15667415e-01
-9.14429426e-01
-9.13182795e-01
-9.11927640e-01
-9.10663843e-01
-9.09391463e-01
-9.08110499e-01
-9.06821012e-01
-9.05523002e-01
-9.04216468e-01
-9.02901411e-01
-9.01577830e-01
-9.00245726e-01
-8.98905158e-01
-8.97556126e-01
-8.96198630e-01
-8.94832671e-01
-8.93458366e-01
-8.92075598e-01
-8.90684426e-01
-8.89284849e-01
-8.87876868e-01
-8.86460543e-01
-8.85035872e-01
-8.83602858e-01
-8.82161498e-01
-8.80711854e-01
-8.79253924e-01
-8.77787709e-01
-8.76313269e-01
-8.74830484e-01
-8.73339474e-01
-8.71840239e-01
-8.70332778e-01
-8.68817151e-01
-8.67293298e-01
-8.65761340e-01
-8.64221215e-01
-8.62672925e-01
-8.61116529e-01
-8.59551966e-01
-8.57979298e-01
-8.56398582e-01
-8.54809821e-01
-8.53213012e-01
-8.51608157e-01
-8.49995255e-01
-8.48374307e-01
-8.46745431e-01
-8.45108509e-01
-8.43463659e-01
-8.41810882e-01
-8.40150177e-01
-8.38481545e-01
-8.36805046e-01
-8.35120618e-01
-8.33428264e-01
-8.31728101e-01
-8.30020130e-01
-8.28304350e-01
-8.26580763e-01
-8.24849427e-01
-8.23110223e-01
-8.21363330e-01
-8.19608629e-01
-8.17846298e-01
-8.16076219e-01
-8.14298511e-01
-8.12513053e-01
-8.10719907e-01
-8.08919191e-01
-8.07110786e-01
-8.05294812e-01
-8.03471267e-01
-8.01640213e-01
-7.99801528e-01
-7.97955334e-01
-7.96101570e-01
-7.94240355e-01
-7.92371631e-01
-7.90495515e-01
-7.88611889e-01
-7.86720872e-01
-7.84822404e-01
-7.82916486e-01
-7.81003237e-01
-7.79082656e-01
-7.77154744e-01
-7.75219560e-01
-7.73276985e-01
-7.71327138e-01
-7.69369960e-01
-7.67405629e-01
-7.65434027e-01
-7.63455272e-01
-7.61469305e-01
-7.59476125e-01
-7.57475793e-01
-7.55468309e-01
-7.53453732e-01
-7.51432061e-01
-7.49403298e-01
-7.47367501e-01
-7.45324612e-01
-7.43274748e-01
-7.41217852e-01
-7.39154041e-01
-7.37083197e-01
-7.35005438e-01
-7.32920706e-01
-7.30829060e-01
-7.28730619e-01
-7.26625264e-01
-7.24513113e-01
-7.22394049e-01
-7.20268190e-01
-7.18135536e-01
-7.15996206e-01
-7.13850081e-01
-7.11697221e-01
-7.09537685e-01
-7.07371414e-01
-7.05198467e-01
-7.03018904e-01
-7.00832784e-01
-6.98639989e-01
-6.96440637e-01
-6.94234669e-01
-6.92022204e-01
-6.89803243e-01
-6.87577784e-01
-6.85345829e-01
-6.83107376e-01
-6.80862486e-01
-6.78611219e-01
-6.76353574e-01
-6.74089551e-01
-6.71819150e-01
-6.69542432e-01
-6.67259395e-01
-6.64970100e-01
-6.62674546e-01
-6.60372734e-01
-6.58064663e-01
-6.55750394e-01
-6.53429985e-01
-6.51103437e-01
-6.48770750e-01
-6.46431863e-01
-6.44086957e-01
-6.41735911e-01
-6.39378905e-01
-6.37015879e-01
-6.34646833e-01
-6.32271767e-01
-6.29890800e-01
-6.27503872e-01
-6.25111043e-01
-6.22712314e-01
-6.20307744e-01
-6.17897272e-01
-6.15481019e-01
-6.13058925e-01
-6.10631108e-01
-6.08197510e-01
-6.05758190e-01
-6.03313148e-01
-6.00862503e-01
-5.98406136e-01
-5.95944166e-01
-5.93476474e-01
-5.91003299e-01
-5.88524520e-01
-5.86040199e-01
-5.83550334e-01
-5.81054926e-01
-5.78554094e-01
-5.76047838e-01
-5.73536158e-01
-5.71019053e-01
-5.68496585e-01
-5.65968692e-01
-5.63435555e-01
-5.60897052e-01
-5.58353305e-01
-5.55804253e-01
-5.53250015e-01
-5.50690532e-01
-5.48125923e-01
-5.45556068e-01
-5.42981088e-01
-5.40400982e-01
-5.37815869e-01
-5.35225630e-01
-5.32630324e-01
-5.30030012e-01
-5.27424693e-01
-5.24814427e-01
-5.22199273e-01
-5.19579113e-01
-5.16954064e-01
-5.14324129e-01
-5.11689425e-01
-5.09049892e-01
-5.06405532e-01
-5.03756344e-01
-5.01102448e-01
-4.98443872e-01
-4.95780617e-01
-4.93112653e-01
-4.90440041e-01
-4.87762839e-01
-4.85080987e-01
-4.82394606e-01
-4.79703635e-01
-4.77008194e-01
-4.74308223e-01
-4.71603811e-01
-4.68894958e-01
-4.66181666e-01
-4.63463992e-01
-4.60741937e-01
-4.58015561e-01
-4.55284864e-01
-4.52549875e-01
-4.49810624e-01
-4.47067142e-01
-4.44319427e-01
-4.41567510e-01
-4.38811481e-01
-4.36051279e-01
-4.33286995e-01
-4.30518627e-01
-4.27746207e-01
-4.24969763e-01
-4.22189265e-01
-4.19404835e-01
-4.16616440e-01
-4.13824111e-01
-4.11027908e-01
-4.08227801e-01
-4.05423880e-01
-4.02616113e-01
-3.99804592e-01
-3.96989256e-01
-3.94170225e-01
-3.91347438e-01
-3.88520986e-01
-3.85690868e-01
-3.82857114e-01
-3.80019754e-01
-3.77178818e-01
-3.74334335e-01
-3.71486306e-01
-3.68634790e-01
-3.65779787e-01
-3.62921357e-01
-3.60059500e-01
-3.57194245e-01
-3.54325622e-01
-3.51453662e-01
-3.48578423e-01
-3.45699847e-01
-3.42818052e-01
-3.39933008e-01
-3.37044775e-01
-3.34153354e-01
-3.31258804e-01
-3.28361124e-01
-3.25460345e-01
-3.22556496e-01
-3.19649607e-01
-3.16739708e-01
-3.13826829e-01
-3.10911000e-01
-3.07992250e-01
-3.05070579e-01
-3.02146018e-01
-2.99218625e-01
-2.96288431e-01
-2.93355435e-01
-2.90419668e-01
-2.87481189e-01
-2.84539968e-01
-2.81596094e-01
-2.78649539e-01
-2.75700390e-01
-2.72748619e-01
-2.69794285e-01
-2.66837418e-01
-2.63878018e-01
-2.60916144e-01
-2.57951796e-01
-2.54985034e-01
-2.52015859e-01
-2.49044329e-01
-2.46070445e-01
-2.43094236e-01
-2.40115747e-01
-2.37134993e-01
-2.34152004e-01
-2.31166810e-01
-2.28179440e-01
-2.25189909e-01
-2.22198263e-01
-2.19204515e-01
-2.16208711e-01
-2.13210866e-01
-2.10211024e-01
-2.07209185e-01
-2.04205394e-01
-2.01199681e-01
-1.98192075e-01
-1.95182607e-01
-1.92171305e-01
-1.89158186e-01
-1.86143279e-01
-1.83126628e-01
-1.80108249e-01
-1.77088156e-01
-1.74066409e-01
-1.71043023e-01
-1.68018028e-01
-1.64991453e-01
-1.61963314e-01
-1.58933654e-01
-1.55902490e-01
-1.52869865e-01
-1.49835795e-01
-1.46800309e-01
-1.43763438e-01
-1.40725225e-01
-1.37685686e-01
-1.34644836e-01
-1.31602719e-01
-1.28559366e-01
-1.25514805e-01
-1.22469068e-01
-1.19422175e-01
-1.16374157e-01
-1.13325037e-01
-1.10274851e-01
-1.07223623e-01
-1.04171388e-01
-1.01118170e-01
-9.80640054e-02
-9.50089097e-02
-9.19529200e-02
-8.88960660e-02
-8.58383775e-02
-8.27798769e-02
-7.97205940e-02
-7.66605586e-02
-7.35998005e-02
-7.05383494e-02
-6.74762353e-02
-6.44134954e-02
-6.13501370e-02
-5.82862012e-02
-5.52217178e-02
-5.21567166e-02
-4.90912236e-02
-4.60252650e-02
-4.29588743e-02
-3.98920774e-02
-3.68249044e-02
-3.37573886e-02
-3.06895524e-02
-2.76214276e-02
-2.45530438e-02
-2.14844272e-02
-1.84155703e-02
-1.53474240e-02
-1.22707747e-02
-9.21034534e-03
-6.24902267e-03
-3.54405330e-03
-1.13201351e-03
1.13201351e-03
3.54405330e-03
