-3.32123274e-03
-9.76522220e-04
9.76522220e-04
3.32123274e-03
6.09755423e-03
9.20953974e-03
1.22774746e-02
1.53466268e-02
1.84156336e-02
2.14844681e-02
2.45530996e-02
2.76214983e-02
3.06896381e-02
3.37574892e-02
3.68250199e-02
3.98922078e-02
4.29590158e-02
4.60254215e-02
4.90913950e-02
5.21569028e-02
5.52219190e-02
5.82864173e-02
6.13503680e-02
6.44137338e-02
6.74764961e-02
7.05386251e-02
7.36000836e-02
7.66608566e-02
7.97209069e-02
8.27802047e-02
8.58387202e-02
8.88964236e-02
9.19532925e-02
9.50092971e-02
9.80644077e-02
1.01118587e-01
1.04171820e-01
1.07224070e-01
1.10275313e-01
1.13325514e-01
1.16374649e-01
1.19422689e-01
1.22469597e-01
1.25515357e-01
1.28559932e-01
1.31603286e-01
1.34645417e-01
1.37686267e-01
1.40725836e-01
1.43764064e-01
1.46800950e-01
1.49836436e-01
1.52870521e-01
1.55903161e-01
1.58934340e-01
1.61964014e-01
1.64992169e-01
1.68018758e-01
1.71043783e-01
1.74067184e-01
1.77088946e-01
1.80109039e-01
1.83127433e-01
1.86144099e-01
1.89159021e-01
1.92172155e-01
1.95183471e-01
1.98192954e-01
2.01200575e-01
2.04206303e-01
2.07210109e-01
2.10211948e-01
2.13211820e-01
2.16209680e-01
2.19205499e-01
2.22199246e-01
2.25190908e-01
2.28180453e-01
2.31167838e-01
2.34153047e-01
2.37136066e-01
2.40116835e-01
2.43095338e-01
2.46071562e-01
2.49045461e-01
2.52017021e-01
2.54986197e-01
2.57952958e-01
2.60917336e-01
2.63879210e-01
2.66838610e-01
2.69795507e-01
2.72749841e-01
2.75701612e-01
2.78650790e-01
2.81597346e-01
2.84541249e-01
2.87482470e-01
2.90420979e-01
2.93356746e-01
2.96289772e-01
2.99219996e-01
3.02147388e-01
3.05071950e-01
3.07993621e-01
3.10912400e-01
3.13828260e-01
3.16741139e-01
3.19651037e-01
3.22557956e-01
3.25461805e-01
3.28362614e-01
3.31260324e-01
3.34154874e-01
3.37046325e-01
3.39934558e-01
3.42819601e-01
3.45701426e-01
3.48580003e-01
3.51455271e-01
3.54327232e-01
3.57195884e-01
3.60061139e-01
3.62923026e-01
3.65781456e-01
3.68636459e-01
3.71487975e-01
3.74336034e-01
3.77180517e-01
3.80021483e-01
3.82858872e-01
3.85692626e-01
3.88522774e-01
3.91349226e-01
3.94172013e-01
3.96991074e-01
3.99806410e-01
4.02617961e-01
4.05425727e-01
4.08229679e-01
4.11029786e-01
4.13826019e-01
4.16618347e-01
4.19406772e-01
4.22191203e-01
4.24971700e-01
4.27748173e-01
4.30520624e-01
4.33288991e-01
4.36053306e-01
4.38813508e-01
4.41569567e-01
4.44321483e-01
4.47069168e-01
4.49812680e-01
4.52551931e-01
4.55286950e-01
4.58017677e-01
4.60744053e-01
4.63466138e-01
4.66183811e-01
4.68897104e-01
4.71605986e-01
4.74310428e-01
4.77010399e-01
4.79705870e-01
4.82396811e-01
4.85083222e-01
4.87765074e-01
4.90442306e-01
4.93114918e-01
4.95782882e-01
4.98446196e-01
5.01104832e-01
5.03758729e-01
5.06407857e-01
5.09052217e-01
5.11691809e-01
5.14326513e-01
5.16956449e-01
5.19581497e-01
5.22201657e-01
5.24816871e-01
5.27427137e-01
5.30032456e-01
5.32632768e-01
5.35228074e-01
5.37818313e-01
5.40403485e-01
5.42983592e-01
5.45558572e-01
5.48128426e-01
5.50693095e-01
5.53252578e-01
5.55806875e-01
5.58355927e-01
5.60899675e-01
5.63438177e-01
5.65971315e-01
5.68499207e-01
5.71021676e-01
5.73538840e-01
5.76050520e-01
5.78556776e-01
5.81057608e-01
5.83553016e-01
5.86042881e-01
5.88527203e-01
5.91005981e-01
5.93479156e-01
5.95946848e-01
5.98408878e-01
6.00865245e-01
6.03315949e-01
6.05760992e-01
6.08200371e-01
6.10633969e-01
6.13061786e-01
6.15483820e-01
6.17900133e-01
6.20310605e-01
6.22715235e-01
6.25113964e-01
6.27506793e-01
6.29893720e-01
6.32274747e-01
6.34649754e-01
6.37018859e-01
6.39381886e-01
6.41738951e-01
6.44089937e-01
6.46434844e-01
6.48773730e-01
6.51106417e-01
6.53433025e-01
6.55753434e-01
6.58067703e-01
6.60375774e-01
6.62677586e-01
6.64973140e-01
6.67262495e-01
6.69545531e-01
6.71822250e-01
6.74092650e-01
6.76356733e-01
6.78614378e-01
6.80865645e-01
6.83110535e-01
6.85348988e-01
6.87580943e-01
6.89806402e-01
6.92025423e-01
6.94237888e-01
6.96443856e-01
6.98643208e-01
7.00836003e-01
7.03022182e-01
7.05201745e-01
7.07374692e-01
7.09540963e-01
7.11700559e-01
7.13853419e-01
7.15999544e-01
7.18138933e-01
7.20271587e-01
7.22397387e-01
7.24516451e-01
7.26628661e-01
7.28734016e-01
7.30832517e-01
7.32924104e-01
7.35008836e-01
7.37086654e-01
7.39157498e-01
7.41221368e-01
7.43278205e-01
7.45328128e-01
7.47370958e-01
7.49406815e-01
7.51435578e-01
7.53457248e-01
7.55471826e-01
7.57479310e-01
7.59479642e-01
7.61472821e-01
7.63458848e-01
7.65437663e-01
7.67409205e-01
7.69373596e-01
7.71330714e-01
7.73280561e-01
7.75223136e-01
7.77158439e-01
7.79086351e-01
7.81006932e-01
7.82920182e-01
7.84826040e-01
7.86724508e-01
7.88615584e-01
7.90499210e-01
7.92375386e-01
7.94244051e-01
7.96105325e-01
7.97959030e-01
7.99805284e-01
8.01643968e-01
8.03475082e-01
8.05298626e-01
8.07114601e-01
8.08922946e-01
8.10723722e-01
8.12516809e-01
8.14302266e-01
8.16080034e-01
8.17850113e-01
8.19612503e-01
8.21367145e-01
8.23114097e-01
8.24853241e-01
8.26584697e-01
8.28308284e-01
8.30024064e-01
8.31732035e-01
8.33432198e-01
8.35124493e-01
8.36808920e-01
8.38485479e-01
8.40154111e-01
8.41814816e-01
8.43467593e-01
8.45112443e-01
8.46749365e-01
8.48378241e-01
8.49999189e-01
8.51612091e-01
8.53217006e-01
8.54813814e-01
8.56402636e-01
8.57983351e-01
8.59555960e-01
8.61120522e-01
8.62676978e-01
8.64225268e-01
8.65765393e-01
8.67297411e-01
8.68821204e-01
8.70336890e-01
8.71844351e-01
8.73343587e-01
8.74834597e-01
8.76317322e-01
8.77791882e-01
8.79258096e-01
8.80716026e-01
8.82165670e-01
8.83607030e-01
8.85040045e-01
8.86464715e-01
8.87881041e-01
8.89289021e-01
8.90688598e-01
8.92079771e-01
8.93462539e-01
8.94836903e-01
8.96202862e-01
8.97560358e-01
8.98909390e-01
9.00249958e-01
9.01582062e-01
9.02905643e-01
9.04220760e-01
9.05527294e-01
9.06825304e-01
9.08114791e-01
9.09395695e-01
9.10668075e-01
9.11931872e-01
9.13187087e-01
9.14433658e-01
9.15671647e-01
9.16900992e-01
9.18121696e-01
9.19333756e-01
9.20537114e-01
9.21731889e-01
9.22917902e-01
9.24095273e-01
9.25263941e-01
9.26423848e-01
9.27575052e-01
9.28717494e-01
9.29851174e-01
9.30976093e-01
9.32092249e-01
9.33199644e-01
9.34298277e-01
9.35388088e-01
9.36469078e-01
9.37541246e-01
9.38604534e-01
9.39659059e-01
9.40704703e-01
9.41741467e-01
9.42769349e-01
9.43788350e-01
9.44798410e-01
9.45799649e-01
9.46791947e-01
9.47775364e-01
9.48749840e-01
9.49715376e-01
9.50671911e-01
9.51619565e-01
9.52558219e-01
9.53487873e-01
9.54408586e-01
9.55320239e-01
9.56222951e-01
9.57116604e-01
9.58001256e-01
9.58876908e-01
9.59743559e-01
9.60601091e-01
9.61449623e-01
9.62289095e-01
9.63119507e-01
9.63940799e-01
9.64753032e-01
9.65556204e-01
9.66350257e-01
9.67135191e-01
9.67911005e-01
9.68677759e-01
9.69435334e-01
9.70183790e-01
9.70923126e-01
9.71653283e-01
9.72374260e-01
9.73086119e-01
9.73788798e-01
9.74482358e-01
9.75166678e-01
9.75841820e-01
9.76507783e-01
9.77164507e-01
9.77812052e-01
9.78450358e-01
9.79079485e-01
9.79699314e-01
9.80310023e-01
9.80911434e-01
9.81503606e-01
9.82086539e-01
9.82660234e-01
9.83224630e-01
9.83779788e-01
9.84325647e-01
9.84862268e-01
9.85389590e-01
9.85907674e-01
9.86416399e-01
9.86915886e-01
9.87406075e-01
9.87886906e-01
9.88358498e-01
9.88820732e-01
9.89273667e-01
9.89717245e-01
9.90151525e-01
9.90576506e-01
9.90992129e-01
9.91398394e-01
9.91795361e-01
9.92182970e-01
9.92561221e-01
9.92930114e-01
9.93289649e-01
9.93639827e-01
9.93980706e-01
9.94312108e-01
9.94634211e-01
9.94946897e-01
9.95250285e-01
9.95544255e-01
9.95828867e-01
9.96104062e-01
9.96369898e-01
9.96626318e-01
9.96873379e-01
9.97111022e-01
9.97339308e-01
9.97558117e-01
9.97767627e-01
9.97967660e-01
9.98158336e-01
9.98339593e-01
9.98511434e-01
9.98673916e-01
9.98826921e-01
9.98970568e-01
9.99104798e-01
9.99229610e-01
9.99345005e-01
9.99450922e-01
9.99547482e-01
9.99634624e-01
9.99712408e-01
9.99780655e-01
9.99839604e-01
9.99889016e-01
9.99929070e-01
9.99959648e-01
9.99980867e-01
9.99992609e-01
9.99994993e-01
9.99987960e-01
9.99971449e-01
9.99945521e-01
9.99910176e-01
9.99865472e-01
9.99811292e-01
9.99747694e-01
9.99674678e-01
9.99592245e-01
9.99500394e-01
9.99399126e-01
9.99288440e-01
9.99168396e-01
9.99038875e-01
9.98899937e-01
9.98751581e-01
9.98593867e-01
9.98426676e-01
9.98250127e-01
9.98064160e-01
9.97868836e-01
9.97664034e-01
9.97449875e-01
9.97226357e-01
9.96993363e-01
9.96751010e-01
9.96499300e-01
9.96238112e-01
9.95967627e-01
9.95687723e-01
9.95398462e-01
9.95099783e-01
9.94791746e-01
9.94474351e-01
9.94147539e-01
9.93811429e-01
9.93465900e-01
9.93111074e-01
9.92746830e-01
9.92373228e-01
9.91990328e-01
9.91598070e-01
9.91196454e-01
9.90785480e-01
9.90365207e-01
9.89935577e-01
9.89496648e-01
9.89048362e-01
9.88590777e-01
9.88123894e-01
9.87647653e-01
9.87162113e-01
9.86667335e-01
9.86163199e-01
9.85649765e-01
9.85127091e-01
9.84595120e-01
9.84053850e-01
9.83503342e-01
9.82943535e-01
9.82374489e-01
9.81796205e-01
9.81208682e-01
9.80611920e-01
9.80005860e-01
9.79390621e-01
9.78766084e-01
9.78132367e-01
9.77489412e-01
9.76837277e-01
9.76175964e-01
9.75505412e-01
9.74825680e-01
9.74136710e-01
9.73438621e-01
9.72731352e-01
9.72014904e-01
9.71289337e-01
9.70554590e-01
9.69810724e-01
9.69057679e-01
9.68295574e-01
9.67524290e-01
9.66743886e-01
9.65954363e-01
9.65155780e-01
9.64348078e-01
9.63531315e-01
9.62705433e-01
9.61870492e-01
9.61026490e-01
9.60173488e-01
9.59311366e-01
9.58440244e-01
9.57560062e-01
9.56670880e-01
9.55772698e-01
9.54865515e-01
9.53949332e-01
9.53024149e-01
9.52090025e-01
9.51146841e-01
9.50194776e-01
9.49233711e-01
9.48263705e-01
9.47284758e-01
9.46296930e-01
9.45300162e-01
9.44294512e-01
9.43279922e-01
9.42256510e-01
9.41224158e-01
9.40182984e-01
9.39132929e-01
9.38073993e-01
9.37006235e-01
9.35929656e-01
9.34844255e-01
9.33750093e-01
9.32647109e-01
9.31535304e-01
9.30414736e-01
9.29285407e-01
9.28147376e-01
9.27000523e-01
9.25844967e-01
9.24680710e-01
9.23507690e-01
9.22325969e-01
9.21135604e-01
9.19936538e-01
9.18728769e-01
9.17512417e-01
9.16287363e-01
9.15053725e-01
9.13811445e-01
9.12560582e-01
9.11301076e-01
9.10032988e-01
9.08756316e-01
9.07471120e-01
9.06177342e-01
9.04875040e-01
9.03564215e-01
9.02244925e-01
9.00917053e-01
8.99580777e-01
8.98235917e-01
8.96882653e-01
8.95520926e-01
8.94150794e-01
8.92772198e-01
8.91385257e-01
8.89989853e-01
8.88586104e-01
8.87173951e-01
8.85753453e-01
8.84324551e-01
8.82887363e-01
8.81441891e-01
8.79988074e-01
8.78526032e-01
8.77055645e-01
8.75577033e-01
8.74090135e-01
8.72595012e-01
8.71091664e-01
8.69580090e-01
8.68060350e-01
8.66532445e-01
8.64996374e-01
8.63452137e-01
8.61899793e-01
8.60339284e-01
8.58770669e-01
8.57194006e-01
8.55609238e-01
8.54016423e-01
8.52415562e-01
8.50806653e-01
8.49189758e-01
8.47564816e-01
8.45931947e-01
8.44291031e-01
8.42642248e-01
8.40985477e-01
8.39320779e-01
8.37648213e-01
8.35967720e-01
8.34279358e-01
8.32583129e-01
8.30879033e-01
8.29167128e-01
8.27447474e-01
8.25719953e-01
8.23984683e-01
8.22241604e-01
8.20490837e-01
8.18732262e-01
8.16966057e-01
8.15192103e-01
8.13410521e-01
8.11621249e-01
8.09824288e-01
8.08019757e-01
8.06207597e-01
8.04387808e-01
8.02560508e-01
8.00725579e-01
7.98883140e-01
7.97033131e-01
7.95175672e-01
7.93310642e-01
7.91438222e-01
7.89558291e-01
7.87670970e-01
7.85776198e-01
7.83874035e-01
7.81964481e-01
7.80047536e-01
7.78123260e-01
7.76191711e-01
7.74252772e-01
7.72306561e-01
7.70353019e-01
7.68392324e-01
7.66424298e-01
7.64449120e-01
7.62466729e-01
7.60477126e-01
7.58480370e-01
7.56476462e-01
7.54465461e-01
7.52447307e-01
7.50422120e-01
7.48389781e-01
7.46350467e-01
7.44304061e-01
7.42250681e-01
7.40190268e-01
7.38122940e-01
7.36048639e-01
7.33967364e-01
7.31879175e-01
7.29784131e-01
7.27682233e-01
7.25573421e-01
7.23457813e-01
7.21335351e-01
7.19206095e-01
7.17070103e-01
7.14927316e-01
7.12777853e-01
7.10621595e-01
7.08458662e-01
7.06289053e-01
7.04112828e-01
7.01929986e-01
6.99740469e-01
6.97544396e-01
6.95341706e-01
6.93132520e-01
6.90916777e-01
6.88694537e-01
6.86465800e-01
6.84230566e-01
6.81988895e-01
6.79740846e-01
6.77486360e-01
6.75225496e-01
6.72958314e-01
6.70684695e-01
6.68404818e-01
6.66118622e-01
6.63826227e-01
6.61527514e-01
6.59222543e-01
6.56911373e-01
6.54594004e-01
6.52270496e-01
6.49940848e-01
6.47605062e-01
6.45263195e-01
6.42915189e-01
6.40561223e-01
6.38201177e-01
6.35835111e-01
6.33463025e-01
6.31084979e-01
6.28700972e-01
6.26311123e-01
6.23915315e-01
6.21513665e-01
6.19106114e-01
6.16692781e-01
6.14273608e-01
6.11848652e-01
6.09417915e-01
6.06981397e-01
6.04539216e-01
6.02091312e-01
5.99637806e-01
5.97178578e-01
5.94713748e-01
5.92243314e-01
5.89767277e-01
5.87285757e-01
5.84798634e-01
5.82306027e-01
5.79807937e-01
5.77304363e-01
5.74795365e-01
5.72280943e-01
5.69761157e-01
5.67235947e-01
5.64705431e-01
5.62169611e-01
5.59628487e-01
5.57082057e-01
5.54530382e-01
5.51973522e-01
5.49411476e-01
5.46844184e-01
5.44271767e-01
5.41694224e-01
5.39111555e-01
5.36523879e-01
5.33931077e-01
5.31333268e-01
5.28730452e-01
5.26122630e-01
5.23509920e-01
5.20892203e-01
5.18269598e-01
5.15642107e-01
5.13009787e-01
5.10372639e-01
5.07730663e-01
5.05083919e-01
5.02432346e-01
4.99776095e-01
4.97115165e-01
4.94449526e-01
4.91779208e-01
4.89104271e-01
4.86424744e-01
4.83740598e-01
4.81051922e-01
4.78358716e-01
4.75661010e-01
4.72958773e-01
4.70252126e-01
4.67541039e-01
4.64825541e-01
4.62105662e-01
4.59381431e-01
4.56652880e-01
4.53920007e-01
4.51182872e-01
4.48441476e-01
4.45695847e-01
4.42946047e-01
4.40192074e-01
4.37433958e-01
4.34671670e-01
4.31905329e-01
4.29134905e-01
4.26360458e-01
4.23581988e-01
4.20799494e-01
4.18013066e-01
4.15222704e-01
4.12428409e-01
4.09630239e-01
4.06828225e-01
4.04022366e-01
4.01212692e-01
3.98399234e-01
3.95582020e-01
3.92761111e-01
3.89936477e-01
3.87108177e-01
3.84276241e-01
3.81440669e-01
3.78601491e-01
3.75758767e-01
3.72912467e-01
3.70062679e-01
3.67209405e-01
3.64352673e-01
3.61492515e-01
3.58628958e-01
3.55762005e-01
3.52891684e-01
3.50018054e-01
3.47141147e-01
3.44260961e-01
3.41377527e-01
3.38490874e-01
3.35601032e-01
3.32708001e-01
3.29811871e-01
3.26912612e-01
3.24010283e-01
3.21104914e-01
3.18196505e-01
3.15285087e-01
3.12370718e-01
3.09453428e-01
3.06533188e-01
3.03610057e-01
3.00684094e-01
2.97755271e-01
2.94823647e-01
2.91889250e-01
2.88952112e-01
2.86012232e-01
2.83069670e-01
2.80124426e-01
2.77176559e-01
2.74226069e-01
2.71273017e-01
2.68317401e-01
2.65359253e-01
2.62398601e-01
2.59435475e-01
2.56469905e-01
2.53501922e-01
2.50531554e-01
2.47558832e-01
2.44583771e-01
2.41606399e-01
2.38626748e-01
2.35644862e-01
2.32660741e-01
2.29674444e-01
2.26685971e-01
2.23695368e-01
2.20702663e-01
2.17707872e-01
2.14711025e-01
2.11712152e-01
2.08711296e-01
2.05708474e-01
2.02703714e-01
1.99697047e-01
1.96688488e-01
1.93678081e-01
1.90665841e-01
1.87651813e-01
1.84636012e-01
1.81618467e-01
1.78599223e-01
1.75578296e-01
1.72555715e-01
1.69531494e-01
1.66505694e-01
1.63478315e-01
1.60449401e-01
1.57418966e-01
1.54387057e-01
1.51353687e-01
1.48318887e-01
1.45282701e-01
1.42245144e-01
1.39206246e-01
1.36166036e-01
1.33124545e-01
1.30081803e-01
1.27037823e-01
1.23992652e-01
1.20946310e-01
1.17898829e-01
1.14850245e-01
1.11800574e-01
1.08749852e-01
1.05698101e-01
1.02645360e-01
9.95916426e-02
9.65369940e-02
9.34814364e-02
9.04249996e-02
8.73677060e-02
8.43095928e-02
8.12506825e-02
7.81910047e-02
7.51305968e-02
7.20694736e-02
6.90076724e-02
6.59452230e-02
6.28821552e-02
5.98184913e-02
5.67542650e-02
5.36895059e-02
5.06242365e-02
4.75584939e-02
4.44923043e-02
4.14256938e-02
3.83586921e-02
3.52913290e-02
3.22236307e-02
2.91556343e-02
2.60873605e-02
2.30188407e-02
1.99501049e-02
1.68811809e-02
1.38120968e-02
1.07428841e-02
7.67356949e-03
4.60418221e-03
1.53475220e-03
-1.53469259e-03
-4.60412260e-03
-7.67350988e-03
-1.07428245e-02
-1.38120372e-02
-1.68811213e-02
-1.99500453e-02
-2.30187811e-02
-2.60873009e-02
-2.91555747e-02
-3.22235711e-02
-3.52912694e-02
-3.83586325e-02
-4.14256342e-02
-4.44922447e-02
-4.75584343e-02
-5.06241769e-02
-5.36894463e-02
-5.67542054e-02
-5.98184317e-02
-6.28820956e-02
-6.59451634e-02
-6.90076128e-02
-7.20694140e-02
-7.51305372e-02
-7.81909451e-02
-8.12506229e-02
-8.43095332e-02
-8.73676464e-02
-9.04249400e-02
-9.34813768e-02
-9.65369344e-02
-9.95915830e-02
-1.02645300e-01
-1.05698042e-01
-1.08749792e-01
-1.11800514e-01
-1.14850186e-01
-1.17898770e-01
-1.20946251e-01
-1.23992592e-01
-1.27037764e-01
-1.30081743e-01
-1.33124486e-01
-1.36165977e-01
-1.39206186e-01
-1.42245084e-01
-1.45282641e-01
-1.48318827e-01
-1.51353627e-01
-1.54386997e-01
-1.57418907e-01
-1.60449341e-01
-1.63478255e-01
-1.66505635e-01
-1.69531435e-01
-1.72555655e-01
-1.75578237e-01
-1.78599164e-01
-1.81618407e-01
-1.84635952e-01
-1.87651753e-01
-1.90665781e-01
-1.93678021e-01
-1.96688429e-01
-1.99696988e-01
-2.02703655e-01
-2.05708414e-01
-2.08711237e-01
-2.11712092e-01
-2.14710966e-01
-2.17707813e-01
-2.20702603e-01
-2.23695308e-01
-2.26685911e-01
-2.29674384e-01
-2.32660696e-01
-2.35644802e-01
-2.38626689e-01
-2.41606340e-01
-2.44583711e-01
-2.47558773e-01
-2.50531495e-01
-2.53501862e-01
-2.56469846e-01
-2.59435415e-01
-2.62398541e-01
-2.65359193e-01
-2.68317342e-01
-2.71272957e-01
-2.74226010e-01
-2.77176499e-01
-2.80124366e-01
-2.83069611e-01
-2.86012173e-01
-2.88952053e-01
-2.91889191e-01
-2.94823587e-01
-2.97755212e-01
-3.00684035e-01
-3.03609997e-01
-3.06533128e-01
-3.09453368e-01
-3.12370688e-01
-3.15285057e-01
-3.18196476e-01
-3.21104854e-01
-3.24010253e-01
-3.26912552e-01
-3.29811811e-01
-3.32707942e-01
-3.35600972e-01
-3.38490814e-01
-3.41377467e-01
-3.44260901e-01
-3.47141087e-01
-3.50017995e-01
-3.52891624e-01
-3.55761945e-01
-3.58628899e-01
-3.61492455e-01
-3.64352643e-01
-3.67209375e-01
-3.70062649e-01
-3.72912407e-01
-3.75758708e-01
-3.78601432e-01
-3.81440610e-01
-3.84276181e-01
-3.87108117e-01
-3.89936417e-01
-3.92761052e-01
-3.95581961e-01
-3.98399174e-01
-4.01212633e-01
-4.04022306e-01
-4.06828165e-01
-4.09630179e-01
-4.12428379e-01
-4.15222645e-01
-4.18013036e-01
-4.20799464e-01
-4.23581928e-01
-4.26360399e-01
-4.29134876e-01
-4.31905270e-01
-4.34671611e-01
-4.37433898e-01
-4.40192014e-01
-4.42946017e-01
-4.45695817e-01
-4.48441416e-01
-4.51182812e-01
-4.53919947e-01
-4.56652820e-01
-4.59381372e-01
-4.62105602e-01
-4.64825481e-01
-4.67540979e-01
-4.70252067e-01
-4.72958714e-01
-4.75660950e-01
-4.78358656e-01
-4.81051892e-01
-4.83740568e-01
-4.86424685e-01
-4.89104241e-01
-4.91779178e-01
-4.94449466e-01
-4.97115105e-01
-4.99776036e-01
-5.02432287e-01
-5.05083859e-01
-5.07730603e-01
-5.10372579e-01
-5.13009727e-01
-5.15642047e-01
-5.18269539e-01
-5.20892143e-01
-5.23509860e-01
-5.26122570e-01
-5.28730392e-01
-5.31333208e-01
-5.33931017e-01
-5.36523819e-01
-5.39111495e-01
-5.41694164e-01
-5.44271708e-01
-5.46844125e-01
-5.49411416e-01
-5.51973462e-01
-5.54530323e-01
-5.57081997e-01
-5.59628427e-01
-5.62169552e-01
-5.64705372e-01
-5.67235887e-01
-5.69761097e-01
-5.72280884e-01
-5.74795306e-01
-5.77304304e-01
-5.79807878e-01
-5.82305968e-01
-5.84798574e-01
-5.87285697e-01
-5.89767218e-01
-5.92243254e-01
-5.94713688e-01
-5.97178578e-01
-5.99637747e-01
-6.02091312e-01
-6.04539156e-01
-6.06981397e-01
-6.09417856e-01
-6.11848593e-01
-6.14273548e-01
-6.16692662e-01
-6.19106054e-01
-6.21513605e-01
-6.23915315e-01
-6.26311064e-01
-6.28700972e-01
-6.31084919e-01
-6.33462965e-01
-6.35835052e-01
-6.38201118e-01
-6.40561163e-01
-6.42915189e-01
-6.45263135e-01
-6.47605062e-01
-6.49940789e-01
-6.52270436e-01
-6.54593945e-01
-6.56911314e-01
-6.59222484e-01
-6.61527455e-01
-6.63826168e-01
-6.66118622e-01
-6.68404758e-01
-6.70684695e-01
-6.72958255e-01
-6.75225496e-01
-6.77486300e-01
-6.79740787e-01
-6.81988895e-01
-6.84230566e-01
-6.86465740e-01
-6.88694477e-01
-6.90916717e-01
-6.93132460e-01
-6.95341706e-01
-6.97544336e-01
-6.99740469e-01
-7.01929927e-01
-7.04112828e-01
-7.06289053e-01
-7.08458662e-01
-7.10621536e-01
-7.12777793e-01
-7.14927256e-01
-7.17070043e-01
-7.19206035e-01
-7.21335292e-01
-7.23457754e-01
-7.25573421e-01
-7.27682173e-01
-7.29784131e-01
-7.31879175e-01
-7.33967304e-01
-7.36048579e-01
-7.38122880e-01
-7.40190208e-01
-7.42250621e-01
-7.44304001e-01
-7.46350408e-01
-7.48389781e-01
-7.50422060e-01
-7.52447307e-01
-7.54465401e-01
-7.56476462e-01
-7.58480370e-01
-7.60477126e-01
-7.62466729e-01
-7.64449120e-01
-7.66424298e-01
-7.68392265e-01
-7.70353079e-01
-7.72306502e-01
-7.74252772e-01
-7.76191652e-01
-7.78123260e-01
-7.80047536e-01
-7.81964481e-01
-7.83874035e-01
-7.85776198e-01
-7.87670970e-01
-7.89558291e-01
-7.91438162e-01
-7.93310642e-01
-7.95175612e-01
-7.97033131e-01
-7.98883080e-01
-8.00725579e-01
-8.02560449e-01
-8.04387808e-01
-8.06207538e-01
-8.08019698e-01
-8.09824288e-01
-8.11621189e-01
-8.13410461e-01
-8.15192103e-01
-8.16965997e-01
-8.18732262e-01
-8.20490777e-01
-8.22241604e-01
-8.23984623e-01
-8.25719953e-01
-8.27447414e-01
-8.29167128e-01
-8.30878973e-01
-8.32583070e-01
-8.34279299e-01
-8.35967660e-01
-8.37648153e-01
-8.39320779e-01
-8.40985477e-01
-8.42642188e-01
-8.44291031e-01
-8.45931888e-01
-8.47564816e-01
-8.49189699e-01
-8.50806653e-01
-8.52415502e-01
-8.54016364e-01
-8.55609179e-01
-8.57193947e-01
-8.58770669e-01
-8.60339284e-01
-8.61899734e-01
-8.63452137e-01
-8.64996374e-01
-8.66532445e-01
-8.68060350e-01
-8.69580090e-01
-8.71091604e-01
-8.72594953e-01
-8.74090075e-01
-8.75576973e-01
-8.77055645e-01
-8.78525972e-01
-8.79988074e-01
-8.81441832e-01
-8.82887363e-01
-8.84324551e-01
-8.85753393e-01
-8.87173891e-01
-8.88586044e-01
-8.89989793e-01
-8.91385198e-01
-8.92772198e-01
-8.94150734e-01
-8.95520926e-01
-8.96882653e-01
-8.98235977e-01
-8.99580717e-01
-9.00917053e-01
-9.02244866e-01
-9.03564215e-01
-9.04875040e-01
-9.06177342e-01
-9.07471120e-01
-9.08756316e-01
-9.10032988e-01
-9.11301076e-01
-9.12560523e-01
-9.13811445e-01
-9.15053725e-01
-9.16287363e-01
-9.17512417e-01
-9.18728769e-01
-9.19936538e-01
-9.21135604e-01
-9.22325969e-01
-9.23507690e-01
-9.24680650e-01
-9.25844967e-01
-9.27000523e-01
-9.28147376e-01
-9.29285407e-01
-9.30414736e-01
-9.31535244e-01
-9.32647049e-01
-9.33750033e-01
-9.34844255e-01
-9.35929656e-01
-9.37006235e-01
-9.38073993e-01
-9.39132869e-01
-9.40182924e-01
-9.41224158e-01
-9.42256451e-01
-9.43279922e-01
-9.44294453e-01
-9.45300162e-01
-9.46296930e-01
-9.47284758e-01
-9.48263705e-01
-9.49233651e-01
-9.50194716e-01
-9.51146841e-01
-9.52089965e-01
-9.53024149e-01
-9.53949332e-01
-9.54865515e-01
-9.55772698e-01
-9.56670880e-01
-9.57560062e-01
-9.58440244e-01
-9.59311366e-01
-9.60173428e-01
-9.61026490e-01
-9.61870492e-01
-9.62705433e-01
-9.63531315e-01
-9.64348078e-01
-9.65155780e-01
-9.65954363e-01
-9.66743886e-01
-9.67524290e-01
-9.68295515e-01
-9.69057679e-01
-9.69810665e-01
-9.70554590e-01
-9.71289337e-01
-9.72014904e-01
-9.72731352e-01
-9.73438561e-01
-9.74136710e-01
-9.74825621e-01
-9.75505412e-01
-9.76175904e-01
-9.76837277e-01
-9.77489412e-01
-9.78132367e-01
-9.78766084e-01
-9.79390562e-01
-9.80005860e-01
-9.80611861e-01
-9.81208682e-01
-9.81796205e-01
-9.82374489e-01
-9.82943535e-01
-9.83503342e-01
-9.84053850e-01
-9.84595120e-01
-9.85127091e-01
-9.85649765e-01
-9.86163199e-01
-9.86667335e-01
-9.87162113e-01
-9.87647653e-01
-9.88123834e-01
-9.88590777e-01
-9.89048362e-01
-9.89496648e-01
-9.89935577e-01
-9.90365207e-01
-9.90785480e-01
-9.91196454e-01
-9.91598070e-01
-9.91990328e-01
-9.92373228e-01
-9.92746830e-01
-9.93111014e-01
-9.93465900e-01
-9.93811369e-01
-9.94147539e-01
-9.94474292e-01
-9.94791746e-01
-9.95099783e-01
-9.95398402e-01
-9.95687723e-01
-9.95967627e-01
-9.96238112e-01
-9.96499240e-01
-9.96751010e-01
-9.96993363e-01
-9.97226298e-01
-9.97449875e-01
-9.97664034e-01
-9.97868836e-01
-9.98064160e-01
-9.98250127e-01
-9.98426676e-01
-9.98593867e-01
-9.98751581e-01
-9.98899937e-01
-9.99038875e-01
-9.99168336e-01
-9.99288440e-01
-9.99399126e-01
-9.99500394e-01
-9.99592245e-01
-9.99674618e-01
-9.99747694e-01
-9.99811292e-01
-9.99865472e-01
-9.99910176e-01
-9.99945521e-01
-9.99971449e-01
-9.99987960e-01
-9.99994993e-01
-9.99992609e-01
-9.99980867e-01
-9.99959648e-01
-9.99929070e-01
-9.99889016e-01
-9.99839604e-01
-9.99780655e-01
-9.99712408e-01
-9.99634624e-01
-9.99547482e-01
-9.99450922e-01
-9.99345005e-01
-9.99229610e-01
-9.99104798e-01
-9.98970568e-01
-9.98826981e-01
-9.98673916e-01
-9.98511493e-01
-9.98339593e-01
-9.98158336e-01
-9.97967660e-01
-9.97767627e-01
-9.97558117e-01
-9.97339308e-01
-9.97111022e-01
-9.96873379e-01
-9.96626318e-01
-9.96369898e-01
-9.96104062e-01
-9.95828867e-01
-9.95544255e-01
-9.95250285e-01
-9.94946957e-01
-9.94634211e-01
-9.94312167e-01
-9.93980706e-01
-9.93639827e-01
-9.93289649e-01
-9.92930114e-01
-9.92561221e-01
-9.92182970e-01
-9.91795361e-01
-9.91398394e-01
-9.90992129e-01
-9.90576506e-01
-9.90151584e-01
-9.89717305e-01
-9.89273667e-01
-9.88820732e-01
-9.88358498e-01
-9.87886906e-01
-9.87406075e-01
-9.86915886e-01
-9.86416399e-01
-9.85907674e-01
-9.85389590e-01
-9.84862268e-01
-9.84325647e-01
-9.83779788e-01
-9.83224630e-01
-9.82660234e-01
-9.82086539e-01
-9.81503606e-01
-9.80911434e-01
-9.80310023e-01
-9.79699373e-01
-9.79079485e-01
-9.78450418e-01
-9.77812052e-01
-9.77164507e-01
-9.76507783e-01
-9.75841820e-01
-9.75166678e-01
-9.74482358e-01
-9.73788857e-01
-9.73086178e-01
-9.72374320e-01
-9.71653283e-01
-9.70923126e-01
-9.70183790e-01
-9.69435334e-01
-9.68677759e-01
-9.67911065e-01
-9.67135251e-01
-9.66350317e-01
-9.65556264e-01
-9.64753091e-01
-9.63940859e-01
-9.63119507e-01
-9.62289095e-01
-9.61449683e-01
-9.60601151e-01
-9.59743559e-01
-9.58876967e-01
-9.58001316e-01
-9.57116663e-01
-9.56222951e-01
-9.55320239e-01
-9.54408586e-01
-9.53487873e-01
-9.52558219e-01
-9.51619565e-01
-9.50671911e-01
-9.49715376e-01
-9.48749840e-01
-9.47775364e-01
-9.46792006e-01
-9.45799649e-01
-9.44798470e-01
-9.43788350e-01
-9.42769349e-01
-9.41741467e-01
-9.40704703e-01
-9.39659059e-01
-9.38604593e-01
-9.37541246e-01
-9.36469078e-01
-9.35388088e-01
-9.34298277e-01
-9.33199704e-01
-9.32092309e-01
-9.30976152e-01
-9.29851234e-01
-9.28717494e-01
-9.27575052e-01
-9.26423848e-01
-9.25263941e-01
-9.24095273e-01
-9.22917962e-01
-9.21731889e-01
-9.20537174e-01
-9.19333756e-01
-9.18121755e-01
-9.16901052e-01
-9.15671706e-01
-9.14433718e-01
-9.13187087e-01
-9.11931932e-01
-9.10668135e-01
-9.09395754e-01
-9.08114791e-01
-9.06825304e-01
-9.05527294e-01
-9.04220760e-01
-9.02905643e-01
-9.01582062e-01
-9.00249958e-01
-8.98909390e-01
-8.97560358e-01
-8.96202862e-01
-8.94836903e-01
-8.93462539e-01
-8.92079771e-01
-8.90688598e-01
-8.89289021e-01
-8.87881041e-01
-8.86464715e-01
-8.85040045e-01
-8.83607030e-01
-8.82165670e-01
-8.80716026e-01
-8.79258096e-01
-8.77791882e-01
-8.76317382e-01
-8.74834597e-01
-8.73343587e-01
-8.71844351e-01
-8.70336890e-01
-8.68821263e-01
-8.67297411e-01
-8.65765452e-01
-8.64225268e-01
-8.62676978e-01
-8.61120582e-01
-8.59556019e-01
-8.57983351e-01
-8.56402636e-01
-8.54813874e-01
-8.53217065e-01
-8.51612151e-01
-8.49999249e-01
-8.48378301e-01
-8.46749425e-01
-8.45112503e-01
-8.43467653e-01
-8.41814816e-01
-8.40154111e-01
-8.38485479e-01
-8.36808980e-01
-8.35124552e-01
-8.33432198e-01
-8.31732035e-01
-8.30024064e-01
-8.28308284e-01
-8.26584697e-01
-8.24853301e-01
-8.23114097e-01
-8.21367204e-01
-8.19612503e-01
-8.17850173e-01
-8.16080093e-01
-8.14302325e-01
-8.12516868e-01
-8.10723722e-01
-8.08923006e-01
-8.07114601e-01
-8.05298626e-01
-8.03475082e-01
-8.01643968e-01
-7.99805284e-01
-7.97959089e-01
-7.96105325e-01
-7.94244111e-01
-7.92375386e-01
-7.90499270e-01
-7.88615644e-01
-7.86724567e-01
-7.84826100e-01
-7.82920182e-01
-7.81006932e-01
-7.79086351e-01
-7.77158439e-01
-7.75223196e-01
-7.73280621e-01
-7.71330774e-01
-7.69373596e-01
-7.67409265e-01
-7.65437663e-01
-7.63458908e-01
-7.61472881e-01
-7.59479702e-01
-7.57479370e-01
-7.55471885e-01
-7.53457308e-01
-7.51435637e-01
-7.49406815e-01
-7.47371018e-01
-7.45328128e-01
-7.43278265e-01
-7.41221368e-01
-7.39157498e-01
-7.37086654e-01
-7.35008895e-01
-7.32924163e-01
-7.30832517e-01
-7.28734016e-01
-7.26628661e-01
-7.24516511e-01
-7.22397447e-01
-7.20271587e-01
-7.18138933e-01
-7.15999544e-01
-7.13853419e-01
-7.11700559e-01
-7.09541023e-01
-7.07374752e-01
-7.05201805e-01
-7.03022242e-01
-7.00836062e-01
-6.98643267e-01
-6.96443915e-01
-6.94237947e-01
-6.92025483e-01
-6.89806461e-01
-6.87581003e-01
-6.85349047e-01
-6.83110595e-01
-6.80865705e-01
-6.78614438e-01
-6.76356792e-01
-6.74092710e-01
-6.71822309e-01
-6.69545591e-01
-6.67262554e-01
-6.64973199e-01
-6.62677646e-01
-6.60375834e-01
-6.58067763e-01
-6.55753493e-01
-6.53433084e-01
-6.51106477e-01
-6.48773789e-01
-6.46434903e-01
-6.44089997e-01
-6.41738951e-01
-6.39381945e-01
-6.37018859e-01
-6.34649813e-01
-6.32274747e-01
-6.29893780e-01
-6.27506852e-01
-6.25114024e-01
-6.22715235e-01
-6.20310664e-01
-6.17900193e-01
-6.15483940e-01
-6.13061845e-01
-6.10633969e-01
-6.08200371e-01
-6.05761051e-01
-6.03316009e-01
-6.00865304e-01
-5.98408937e-01
-5.95946968e-01
-5.93479276e-01
-5.91006041e-01
-5.88527262e-01
-5.86042941e-01
-5.83553076e-01
-5.81057668e-01
-5.78556836e-01
-5.76050580e-01
-5.73538899e-01
-5.71021736e-01
-5.68499267e-01
-5.65971375e-01
-5.63438237e-01
-5.60899734e-01
-5.58355927e-01
-5.55806875e-01
-5.53252637e-01
-5.50693154e-01
-5.48128486e-01
-5.45558631e-01
-5.42983651e-01
-5.40403545e-01
-5.37818372e-01
-5.35228133e-01
-5.32632828e-01
-5.30032516e-01
-5.27427197e-01
-5.24816930e-01
-5.22201717e-01
-5.19581556e-01
-5.16956508e-01
-5.14326572e-01
-5.11691868e-01
-5.09052277e-01
-5.06407917e-01
-5.03758729e-01
-5.01104832e-01
-4.98446256e-01
-4.95782942e-01
-4.93114978e-01
-4.90442365e-01
-4.87765133e-01
-4.85083282e-01
-4.82396871e-01
-4.79705900e-01
-4.77010429e-01
-4.74310458e-01
-4.71606046e-01
-4.68897164e-01
-4.66183871e-01
-4.63466167e-01
-4.60744113e-01
-4.58017707e-01
-4.55287009e-01
-4.52552021e-01
-4.49812740e-01
-4.47069228e-01
-4.44321513e-01
-4.41569597e-01
-4.38813537e-01
-4.36053336e-01
-4.33289051e-01
-4.30520654e-01
-4.27748203e-01
-4.24971759e-01
-4.22191262e-01
-4.19406831e-01
-4.16618407e-01
-4.13826078e-01
-4.11029845e-01
-4.08229738e-01
-4.05425787e-01
-4.02618021e-01
-3.99806470e-01
-3.96991134e-01
-3.94172072e-01
-3.91349286e-01
-3.88522804e-01
-3.85692686e-01
-3.82858902e-01
-3.80021542e-01
-3.77180576e-01
-3.74336094e-01
-3.71488035e-01
-3.68636519e-01
-3.65781516e-01
-3.62923056e-01
-3.60061198e-01
-3.57195914e-01
-3.54327291e-01
-3.51455331e-01
-3.48580062e-01
-3.45701486e-01
-3.42819661e-01
-3.39934617e-01
-3.37046385e-01
-3.34154934e-01
-3.31260353e-01
-3.28362674e-01
-3.25461894e-01
-3.22558016e-01
-3.19651127e-01
-3.16741198e-01
-3.13828319e-01
-3.10912460e-01
-3.07993680e-01
-3.05072010e-01
-3.02147448e-01
-2.99220055e-01
-2.96289831e-01
-2.93356806e-01
-2.90421039e-01
-2.87482530e-01
-2.84541309e-01
-2.81597406e-01
-2.78650850e-01
-2.75701672e-01
-2.72749901e-01
-2.69795567e-01
-2.66838670e-01
-2.63879269e-01
-2.60917395e-01
-2.57953018e-01
-2.54986256e-01
-2.52017051e-01
-2.49045506e-01
-2.46071607e-01
-2.43095383e-01
-2.40116879e-01
-2.37136111e-01
-2.34153107e-01
-2.31167898e-01
-2.28180513e-01
-2.25190967e-01
-2.22199306e-01
-2.19205558e-01
-2.16209725e-01
-2.13211879e-01
-2.10212007e-01
-2.07210153e-01
-2.04206362e-01
-2.01200634e-01
-1.98193014e-01
-1.95183530e-01
-1.92172214e-01
-1.89159080e-01
-1.86144173e-01
-1.83127493e-01
-1.80109084e-01
-1.77088991e-01
-1.74067229e-01
-1.71043828e-01
-1.68018818e-01
-1.64992228e-01
-1.61964074e-01
-1.58934399e-01
-1.55903220e-01
-1.52870581e-01
-1.49836496e-01
-1.46800995e-01
-1.43764123e-01
-1.40725896e-01
-1.37686327e-01
-1.34645477e-01
-1.31603345e-01
-1.28559977e-01
-1.25515401e-01
-1.22469649e-01
-1.19422741e-01
-1.16374709e-01
-1.13325574e-01
-1.10275373e-01
-1.07224129e-01
-1.04171880e-01
-1.01118647e-01
-9.80644673e-02
-9.50093567e-02
-9.19533521e-02
-8.88964832e-02
-8.58387798e-02
-8.27802643e-02
-7.97209665e-02
-7.66609162e-02
-7.36001432e-02
-7.05386847e-02
-6.74765557e-02
-6.44137934e-02
-6.13504276e-02
-5.82864769e-02
-5.52219786e-02
-5.21569625e-02
-4.90914546e-02
-4.60254811e-02
-4.29590754e-02
-3.98922674e-02
-3.68250795e-02
-3.37575488e-02
-3.06896977e-02
-2.76215579e-02
-2.45531593e-02
-2.14845277e-02
-1.84156932e-02
-1.53466864e-02
-1.22775342e-02
-9.20959935e-03
-6.09761523e-03
-3.32128257e-03
-9.76543815e-04
9.76543815e-04
3.32128257e-03
