-3.73845105e-03
-1.22262037e-03
1.22262037e-03
3.73845105e-03
6.42563170e-03
9.29517765e-03
1.22912228e-02
1.53451171e-02
1.84144452e-02
2.14841720e-02
2.45528668e-02
2.76211649e-02
3.06892768e-02
3.37570906e-02
3.68245877e-02
3.98917384e-02
4.29585129e-02
4.60248813e-02
4.90908176e-02
5.21562882e-02
5.52212670e-02
5.82857281e-02
6.13496415e-02
6.44129738e-02
6.74757063e-02
7.05377981e-02
7.35992268e-02
7.66599625e-02
7.97199756e-02
8.27792361e-02
8.58377144e-02
8.88953805e-02
9.19522122e-02
9.50081795e-02
9.80632529e-02
1.01117395e-01
1.04170591e-01
1.07222803e-01
1.10274009e-01
1.13324173e-01
1.16373271e-01
1.19421273e-01
1.22468151e-01
1.25513867e-01
1.28558412e-01
1.31601736e-01
1.34643823e-01
1.37684658e-01
1.40724167e-01
1.43762380e-01
1.46799222e-01
1.49834678e-01
1.52868733e-01
1.55901343e-01
1.58932477e-01
1.61962122e-01
1.64990231e-01
1.68016791e-01
1.71041772e-01
1.74065143e-01
1.77086860e-01
1.80106908e-01
1.83125272e-01
1.86141908e-01
1.89156786e-01
1.92169875e-01
1.95181176e-01
1.98190615e-01
2.01198205e-01
2.04203904e-01
2.07207665e-01
2.10209474e-01
2.13209301e-01
2.16207132e-01
2.19202921e-01
2.22196639e-01
2.25188270e-01
2.28177771e-01
2.31165126e-01
2.34150290e-01
2.37133265e-01
2.40114003e-01
2.43092477e-01
2.46068656e-01
2.49042526e-01
2.52014041e-01
2.54983187e-01
2.57949919e-01
2.60914266e-01
2.63876110e-01
2.66835481e-01
2.69792318e-01
2.72746652e-01
2.75698364e-01
2.78647512e-01
2.81594038e-01
2.84537911e-01
2.87479073e-01
2.90417552e-01
2.93353289e-01
2.96286255e-01
2.99216479e-01
3.02143842e-01
3.05068344e-01
3.07989985e-01
3.10908765e-01
3.13824564e-01
3.16737413e-01
3.19647282e-01
3.22554141e-01
3.25457990e-01
3.28358740e-01
3.31256390e-01
3.34150940e-01
3.37042332e-01
3.39930564e-01
3.42815578e-01
3.45697373e-01
3.48575890e-01
3.51451129e-01
3.54323059e-01
3.57191652e-01
3.60056907e-01
3.62918735e-01
3.65777165e-01
3.68632108e-01
3.71483624e-01
3.74331623e-01
3.77176106e-01
3.80017012e-01
3.82854342e-01
3.85688096e-01
3.88518184e-01
3.91344607e-01
3.94167364e-01
3.96986395e-01
3.99801701e-01
4.02613223e-01
4.05420959e-01
4.08224881e-01
4.11024928e-01
4.13821131e-01
4.16613430e-01
4.19401824e-01
4.22186255e-01
4.24966693e-01
4.27743137e-01
4.30515558e-01
4.33283895e-01
4.36048150e-01
4.38808322e-01
4.41564351e-01
4.44316238e-01
4.47063893e-01
4.49807376e-01
4.52546597e-01
4.55281585e-01
4.58012253e-01
4.60738629e-01
4.63460654e-01
4.66178328e-01
4.68891591e-01
4.71600443e-01
4.74304855e-01
4.77004766e-01
4.79700208e-01
4.82391149e-01
4.85077530e-01
4.87759322e-01
4.90436524e-01
4.93109107e-01
4.95777041e-01
4.98440325e-01
5.01098871e-01
5.03752768e-01
5.06401896e-01
5.09046257e-01
5.11685789e-01
5.14320493e-01
5.16950369e-01
5.19575417e-01
5.22195518e-01
5.24810731e-01
5.27420938e-01
5.30026197e-01
5.32626510e-01
5.35221756e-01
5.37811935e-01
5.40397108e-01
5.42977154e-01
5.45552194e-01
5.48121989e-01
5.50686657e-01
5.53246081e-01
5.55800319e-01
5.58349371e-01
5.60893118e-01
5.63431561e-01
5.65964699e-01
5.68492472e-01
5.71015000e-01
5.73532045e-01
5.76043725e-01
5.78549922e-01
5.81050754e-01
5.83546102e-01
5.86035907e-01
5.88520229e-01
5.90998948e-01
5.93472183e-01
5.95939815e-01
5.98401845e-01
6.00858152e-01
6.03308856e-01
6.05753839e-01
6.08193219e-01
6.10626817e-01
6.13054633e-01
6.15476668e-01
6.17892861e-01
6.20303333e-01
6.22707903e-01
6.25106633e-01
6.27499402e-01
6.29886329e-01
6.32267296e-01
6.34642303e-01
6.37011349e-01
6.39374375e-01
6.41731381e-01
6.44082308e-01
6.46427274e-01
6.48766041e-01
6.51098728e-01
6.53425276e-01
6.55745685e-01
6.58059955e-01
6.60368025e-01
6.62669837e-01
6.64965332e-01
6.67254627e-01
6.69537604e-01
6.71814382e-01
6.74084723e-01
6.76348746e-01
6.78606331e-01
6.80857599e-01
6.83102489e-01
6.85340941e-01
6.87572896e-01
6.89798355e-01
6.92017257e-01
6.94229722e-01
6.96435630e-01
6.98635042e-01
7.00827777e-01
7.03013957e-01
7.05193460e-01
7.07366347e-01
7.09532619e-01
7.11692154e-01
7.13845015e-01
7.15991080e-01
7.18130469e-01
7.20263064e-01
7.22388923e-01
7.24507928e-01
7.26620138e-01
7.28725433e-01
7.30823874e-01
7.32915461e-01
7.35000193e-01
7.37077951e-01
7.39148736e-01
7.41212547e-01
7.43269444e-01
7.45319307e-01
7.47362196e-01
7.49397993e-01
7.51426756e-01
7.53448367e-01
7.55462945e-01
7.57470369e-01
7.59470701e-01
7.61463881e-01
7.63449848e-01
7.65428603e-01
7.67400146e-01
7.69364476e-01
7.71321654e-01
7.73271501e-01
7.75214016e-01
7.77149260e-01
7.79077113e-01
7.80997694e-01
7.82910943e-01
7.84816802e-01
7.86715269e-01
7.88606286e-01
7.90489852e-01
7.92365968e-01
7.94234693e-01
7.96095908e-01
7.97949672e-01
7.99795866e-01
8.01634550e-01
8.03465605e-01
8.05289149e-01
8.07105064e-01
8.08913410e-01
8.10714185e-01
8.12507272e-01
8.14292669e-01
8.16070378e-01
8.17840457e-01
8.19602787e-01
8.21357489e-01
8.23104382e-01
8.24843585e-01
8.26574922e-01
8.28298509e-01
8.30014229e-01
8.31722200e-01
8.33422363e-01
8.35114658e-01
8.36799085e-01
8.38475645e-01
8.40144217e-01
8.41804922e-01
8.43457639e-01
8.45102489e-01
8.46739352e-01
8.48368287e-01
8.49989176e-01
8.51602077e-01
8.53206933e-01
8.54803741e-01
8.56392503e-01
8.57973218e-01
8.59545827e-01
8.61110389e-01
8.62666845e-01
8.64215136e-01
8.65755260e-01
8.67287219e-01
8.68811011e-01
8.70326638e-01
8.71834040e-01
8.73333335e-01
8.74824286e-01
8.76307070e-01
8.77781510e-01
8.79247725e-01
8.80705595e-01
8.82155240e-01
8.83596599e-01
8.85029614e-01
8.86454284e-01
8.87870610e-01
8.89278591e-01
8.90678108e-01
8.92069280e-01
8.93451989e-01
8.94826353e-01
8.96192253e-01
8.97549748e-01
8.98898780e-01
9.00239408e-01
9.01571453e-01
9.02895033e-01
9.04210031e-01
9.05516565e-01
9.06814575e-01
9.08104062e-01
9.09384966e-01
9.10657346e-01
9.11921144e-01
9.13176358e-01
9.14422929e-01
9.15660858e-01
9.16890144e-01
9.18110847e-01
9.19322848e-01
9.20526266e-01
9.21720982e-01
9.22907054e-01
9.24084425e-01
9.25253034e-01
9.26413000e-01
9.27564144e-01
9.28706586e-01
9.29840207e-01
9.30965126e-01
9.32081223e-01
9.33188617e-01
9.34287250e-01
9.35377061e-01
9.36458051e-01
9.37530220e-01
9.38593507e-01
9.39647973e-01
9.40693617e-01
9.41730320e-01
9.42758203e-01
9.43777144e-01
9.44787264e-01
9.45788443e-01
9.46780801e-01
9.47764158e-01
9.48738694e-01
9.49704170e-01
9.50660765e-01
9.51608360e-01
9.52547014e-01
9.53476667e-01
9.54397321e-01
9.55308974e-01
9.56211627e-01
9.57105279e-01
9.57989931e-01
9.58865583e-01
9.59732234e-01
9.60589767e-01
9.61438298e-01
9.62277770e-01
9.63108182e-01
9.63929474e-01
9.64741707e-01
9.65544879e-01
9.66338933e-01
9.67123866e-01
9.67899680e-01
9.68666375e-01
9.69423890e-01
9.70172346e-01
9.70911622e-01
9.71641779e-01
9.72362816e-01
9.73074615e-01
9.73777354e-01
9.74470854e-01
9.75155234e-01
9.75830376e-01
9.76496279e-01
9.77153063e-01
9.77800548e-01
9.78438914e-01
9.79067981e-01
9.79687870e-01
9.80298460e-01
9.80899870e-01
9.81491983e-01
9.82074916e-01
9.82648611e-01
9.83213007e-01
9.83768165e-01
9.84314024e-01
9.84850645e-01
9.85377967e-01
9.85896051e-01
9.86404777e-01
9.86904263e-01
9.87394452e-01
9.87875283e-01
9.88346875e-01
9.88809109e-01
9.89262044e-01
9.89705622e-01
9.90139902e-01
9.90564883e-01
9.90980506e-01
9.91386771e-01
9.91783738e-01
9.92171347e-01
9.92549598e-01
9.92918491e-01
9.93277967e-01
9.93628144e-01
9.93968904e-01
9.94300365e-01
9.94622409e-01
9.94935155e-01
9.95238483e-01
9.95532513e-01
9.95817065e-01
9.96092319e-01
9.96358097e-01
9.96614575e-01
9.96861577e-01
9.97099280e-01
9.97327507e-01
9.97546375e-01
9.97755826e-01
9.97955918e-01
9.98146534e-01
9.98327792e-01
9.98499691e-01
9.98662114e-01
9.98815179e-01
9.98958766e-01
9.99093056e-01
9.99217868e-01
9.99333203e-01
9.99439180e-01
9.99535680e-01
9.99622881e-01
9.99700606e-01
9.99768972e-01
9.99827802e-01
9.99877274e-01
9.99917269e-01
9.99947906e-01
9.99969065e-01
9.99980867e-01
9.99983191e-01
9.99976158e-01
9.99959707e-01
9.99933720e-01
9.99898434e-01
9.99853671e-01
9.99799550e-01
9.99735951e-01
9.99662936e-01
9.99580443e-01
9.99488592e-01
9.99387324e-01
9.99276698e-01
9.99156594e-01
9.99027133e-01
9.98888135e-01
9.98739839e-01
9.98582065e-01
9.98414934e-01
9.98238325e-01
9.98052418e-01
9.97857034e-01
9.97652292e-01
9.97438133e-01
9.97214556e-01
9.96981621e-01
9.96739268e-01
9.96487498e-01
9.96226370e-01
9.95955825e-01
9.95675981e-01
9.95386660e-01
9.95088041e-01
9.94780004e-01
9.94462550e-01
9.94135797e-01
9.93799627e-01
9.93454158e-01
9.93099332e-01
9.92735147e-01
9.92361605e-01
9.91978705e-01
9.91586447e-01
9.91184831e-01
9.90773857e-01
9.90353584e-01
9.89923954e-01
9.89485025e-01
9.89036739e-01
9.88579154e-01
9.88112271e-01
9.87636030e-01
9.87150490e-01
9.86655712e-01
9.86151576e-01
9.85638142e-01
9.85115469e-01
9.84583497e-01
9.84042227e-01
9.83491719e-01
9.82931912e-01
9.82362866e-01
9.81784582e-01
9.81197059e-01
9.80600297e-01
9.79994297e-01
9.79379058e-01
9.78754580e-01
9.78120863e-01
9.77477968e-01
9.76825833e-01
9.76164460e-01
9.75493968e-01
9.74814177e-01
9.74125266e-01
9.73427117e-01
9.72719848e-01
9.72003460e-01
9.71277833e-01
9.70543146e-01
9.69799221e-01
9.69046235e-01
9.68284070e-01
9.67512846e-01
9.66732502e-01
9.65943038e-01
9.65144455e-01
9.64336753e-01
9.63519990e-01
9.62694108e-01
9.61859167e-01
9.61015165e-01
9.60162163e-01
9.59300041e-01
9.58428919e-01
9.57548738e-01
9.56659615e-01
9.55761433e-01
9.54854310e-01
9.53938127e-01
9.53013003e-01
9.52078819e-01
9.51135695e-01
9.50183570e-01
9.49222565e-01
9.48252499e-01
9.47273612e-01
9.46285725e-01
9.45289016e-01
9.44283366e-01
9.43268836e-01
9.42245424e-01
9.41213131e-01
9.40171957e-01
9.39121902e-01
9.38062966e-01
9.36995208e-01
9.35918629e-01
9.34833229e-01
9.33739066e-01
9.32636082e-01
9.31524336e-01
9.30403829e-01
9.29274559e-01
9.28136468e-01
9.26989675e-01
9.25834119e-01
9.24669802e-01
9.23496842e-01
9.22315121e-01
9.21124756e-01
9.19925690e-01
9.18717980e-01
9.17501628e-01
9.16276634e-01
9.15042996e-01
9.13800716e-01
9.12549853e-01
9.11290348e-01
9.10022259e-01
9.08745587e-01
9.07460392e-01
9.06166673e-01
9.04864430e-01
9.03553665e-01
9.02234316e-01
9.00906503e-01
8.99570167e-01
8.98225367e-01
8.96872044e-01
8.95510375e-01
8.94140244e-01
8.92761707e-01
8.91374767e-01
8.89979422e-01
8.88575673e-01
8.87163520e-01
8.85743022e-01
8.84314120e-01
8.82876933e-01
8.81431460e-01
8.79977703e-01
8.78515661e-01
8.77045333e-01
8.75566721e-01
8.74079883e-01
8.72584701e-01
8.71081352e-01
8.69569838e-01
8.68050098e-01
8.66522253e-01
8.64986181e-01
8.63442004e-01
8.61889660e-01
8.60329151e-01
8.58760536e-01
8.57183874e-01
8.55599165e-01
8.54006410e-01
8.52405548e-01
8.50796700e-01
8.49179745e-01
8.47554862e-01
8.45921934e-01
8.44281077e-01
8.42632294e-01
8.40975583e-01
8.39310944e-01
8.37638378e-01
8.35957885e-01
8.34269524e-01
8.32573295e-01
8.30869257e-01
8.29157412e-01
8.27437758e-01
8.25710297e-01
8.23974967e-01
8.22231948e-01
8.20481122e-01
8.18722665e-01
8.16956460e-01
8.15182567e-01
8.13400984e-01
8.11611712e-01
8.09814751e-01
8.08010221e-01
8.06198061e-01
8.04378331e-01
8.02551031e-01
8.00716162e-01
7.98873723e-01
7.97023773e-01
7.95166254e-01
7.93301344e-01
7.91428924e-01
7.89549053e-01
7.87661731e-01
7.85766959e-01
7.83864796e-01
7.81955242e-01
7.80038357e-01
7.78114140e-01
7.76182592e-01
7.74243712e-01
7.72297442e-01
7.70343959e-01
7.68383205e-01
7.66415298e-01
7.64440119e-01
7.62457788e-01
7.60468185e-01
7.58471429e-01
7.56467521e-01
7.54456520e-01
7.52438426e-01
7.50413239e-01
7.48381019e-01
7.46341646e-01
7.44295299e-01
7.42241919e-01
7.40181625e-01
7.38114297e-01
7.36039996e-01
7.33958721e-01
7.31870532e-01
7.29775488e-01
7.27673590e-01
7.25564897e-01
7.23449290e-01
7.21326888e-01
7.19197631e-01
7.17061639e-01
7.14918911e-01
7.12769449e-01
7.10613251e-01
7.08450317e-01
7.06280708e-01
7.04104483e-01
7.01921642e-01
6.99732244e-01
6.97536170e-01
6.95333540e-01
6.93124294e-01
6.90908611e-01
6.88686371e-01
6.86457694e-01
6.84222519e-01
6.81980848e-01
6.79732800e-01
6.77478373e-01
6.75217569e-01
6.72950387e-01
6.70676827e-01
6.68396890e-01
6.66110754e-01
6.63818359e-01
6.61519706e-01
6.59214795e-01
6.56903625e-01
6.54586315e-01
6.52262866e-01
6.49933219e-01
6.47597492e-01
6.45255566e-01
6.42907619e-01
6.40553594e-01
6.38193607e-01
6.35827601e-01
6.33455575e-01
6.31077528e-01
6.28693581e-01
6.26303732e-01
6.23907983e-01
6.21506333e-01
6.19098842e-01
6.16685450e-01
6.14266336e-01
6.11841381e-01
6.09410703e-01
6.06974244e-01
6.04532063e-01
6.02084219e-01
5.99630713e-01
5.97171545e-01
5.94706774e-01
5.92236340e-01
5.89760363e-01
5.87278843e-01
5.84791780e-01
5.82299173e-01
5.79801083e-01
5.77297568e-01
5.74788630e-01
5.72274268e-01
5.69754422e-01
5.67229271e-01
5.64698756e-01
5.62162995e-01
5.59621871e-01
5.57075500e-01
5.54523826e-01
5.51966965e-01
5.49404979e-01
5.46837747e-01
5.44265389e-01
5.41687846e-01
5.39105237e-01
5.36517560e-01
5.33924818e-01
5.31327009e-01
5.28724194e-01
5.26116431e-01
5.23503721e-01
5.20886064e-01
5.18263459e-01
5.15636027e-01
5.13003707e-01
5.10366619e-01
5.07724702e-01
5.05077958e-01
5.02426445e-01
4.99770224e-01
4.97109294e-01
4.94443685e-01
4.91773427e-01
4.89098519e-01
4.86418992e-01
4.83734906e-01
4.81046259e-01
4.78353083e-01
4.75655407e-01
4.72953200e-01
4.70246583e-01
4.67535526e-01
4.64820057e-01
4.62100208e-01
4.59376007e-01
4.56647485e-01
4.53914642e-01
4.51177537e-01
4.48436171e-01
4.45690602e-01
4.42940831e-01
4.40186888e-01
4.37428802e-01
4.34666544e-01
4.31900233e-01
4.29129869e-01
4.26355451e-01
4.23576981e-01
4.20794547e-01
4.18008149e-01
4.15217817e-01
4.12423581e-01
4.09625411e-01
4.06823426e-01
4.04017597e-01
4.01207954e-01
3.98394525e-01
3.95577371e-01
3.92756492e-01
3.89931887e-01
3.87103617e-01
3.84271711e-01
3.81436169e-01
3.78597021e-01
3.75754327e-01
3.72908086e-01
3.70058328e-01
3.67205083e-01
3.64348382e-01
3.61488253e-01
3.58624727e-01
3.55757803e-01
3.52887541e-01
3.50013942e-01
3.47137064e-01
3.44256908e-01
3.41373503e-01
3.38486880e-01
3.35597068e-01
3.32704097e-01
3.29807997e-01
3.26908767e-01
3.24006468e-01
3.21101129e-01
3.18192750e-01
3.15281391e-01
3.12367052e-01
3.09449792e-01
3.06529582e-01
3.03606480e-01
3.00680548e-01
2.97751784e-01
2.94820189e-01
2.91885823e-01
2.88948715e-01
2.86008865e-01
2.83066332e-01
2.80121118e-01
2.77173281e-01
2.74222851e-01
2.71269798e-01
2.68314242e-01
2.65356123e-01
2.62395501e-01
2.59432435e-01
2.56466895e-01
2.53498942e-01
2.50528604e-01
2.47555912e-01
2.44580880e-01
2.41603553e-01
2.38623947e-01
2.35642090e-01
2.32657999e-01
2.29671732e-01
2.26683304e-01
2.23692730e-01
2.20700055e-01
2.17705309e-01
2.14708492e-01
2.11709663e-01
2.08708838e-01
2.05706045e-01
2.02701330e-01
1.99694693e-01
1.96686178e-01
1.93675801e-01
1.90663606e-01
1.87649608e-01
1.84633851e-01
1.81616336e-01
1.78597122e-01
1.75576225e-01
1.72553673e-01
1.69529498e-01
1.66503727e-01
1.63476378e-01
1.60447493e-01
1.57417104e-01
1.54385224e-01
1.51351899e-01
1.48317143e-01
1.45280987e-01
1.42243475e-01
1.39204606e-01
1.36164427e-01
1.33122981e-01
1.30080268e-01
1.27036333e-01
1.23991199e-01
1.20944895e-01
1.17897451e-01
1.14848889e-01
1.11799255e-01
1.08748563e-01
1.05696857e-01
1.02644145e-01
9.95904729e-02
9.65358540e-02
9.34803411e-02
9.04239342e-02
8.73666853e-02
8.43086019e-02
8.12497288e-02
7.81900808e-02
7.51297027e-02
7.20686167e-02
6.90068528e-02
6.59444407e-02
6.28814101e-02
5.98177835e-02
5.67535944e-02
5.36888726e-02
5.06236404e-02
4.75579351e-02
4.44917791e-02
4.14252058e-02
3.83582376e-02
3.52909118e-02
3.22232507e-02
2.91552898e-02
2.60870531e-02
2.30185706e-02
1.99498702e-02
1.68809816e-02
1.38119347e-02
1.07427575e-02
7.67347962e-03
4.60412866e-03
1.53473415e-03
-1.53467455e-03
-4.60406905e-03
-7.67342001e-03
-1.07426979e-02
-1.38118751e-02
-1.68809220e-02
-1.99498106e-02
-2.30185110e-02
-2.60869935e-02
-2.91552301e-02
-3.22231911e-02
-3.52908522e-02
-3.83581780e-02
-4.14251462e-02
-4.44917195e-02
-4.75578755e-02
-5.06235808e-02
-5.36888130e-02
-5.67535348e-02
-5.98177239e-02
-6.28813505e-02
-6.59443811e-02
-6.90067932e-02
-7.20685571e-02
-7.51296431e-02
-7.81900212e-02
-8.12496692e-02
-8.43085423e-02
-8.73666257e-02
-9.04238746e-02
-9.34802815e-02
-9.65357944e-02
-9.95904133e-02
-1.02644086e-01
-1.05696797e-01
-1.08748503e-01
-1.11799195e-01
-1.14848830e-01
-1.17897391e-01
-1.20944835e-01
-1.23991139e-01
-1.27036273e-01
-1.30080208e-01
-1.33122921e-01
-1.36164367e-01
-1.39204547e-01
-1.42243415e-01
-1.45280927e-01
-1.48317084e-01
-1.51351839e-01
-1.54385164e-01
-1.57417044e-01
-1.60447434e-01
-1.63476318e-01
-1.66503668e-01
-1.69529438e-01
-1.72553614e-01
-1.75576165e-01
-1.78597063e-01
-1.81616277e-01
-1.84633791e-01
-1.87649548e-01
-1.90663546e-01
-1.93675742e-01
-1.96686119e-01
-1.99694633e-01
-2.02701271e-01
-2.05706000e-01
-2.08708778e-01
-2.11709604e-01
-2.14708433e-01
-2.17705235e-01
-2.20699996e-01
-2.23692670e-01
-2.26683244e-01
-2.29671672e-01
-2.32657954e-01
-2.35642031e-01
-2.38623887e-01
-2.41603494e-01
-2.44580835e-01
-2.47555852e-01
-2.50528544e-01
-2.53498882e-01
-2.56466836e-01
-2.59432375e-01
-2.62395442e-01
-2.65356064e-01
-2.68314183e-01
-2.71269739e-01
-2.74222791e-01
-2.77173221e-01
-2.80121058e-01
-2.83066273e-01
-2.86008805e-01
-2.88948655e-01
-2.91885763e-01
-2.94820130e-01
-2.97751725e-01
-3.00680488e-01
-3.03606421e-01
-3.06529522e-01
-3.09449732e-01
-3.12366992e-01
-3.15281332e-01
-3.18192720e-01
-3.21101069e-01
-3.24006438e-01
-3.26908708e-01
-3.29807937e-01
-3.32704037e-01
-3.35597008e-01
-3.38486820e-01
-3.41373444e-01
-3.44256848e-01
-3.47137004e-01
-3.50013882e-01
-3.52887481e-01
-3.55757743e-01
-3.58624667e-01
-3.61488223e-01
-3.64348352e-01
-3.67205054e-01
-3.70058268e-01
-3.72908026e-01
-3.75754267e-01
-3.78596961e-01
-3.81436110e-01
-3.84271652e-01
-3.87103558e-01
-3.89931828e-01
-3.92756432e-01
-3.95577312e-01
-3.98394465e-01
-4.01207894e-01
-4.04017538e-01
-4.06823367e-01
-4.09625381e-01
-4.12423521e-01
-4.15217787e-01
-4.18008119e-01
-4.20794517e-01
-4.23576921e-01
-4.26355392e-01
-4.29129809e-01
-4.31900203e-01
-4.34666514e-01
-4.37428743e-01
-4.40186858e-01
-4.42940801e-01
-4.45690572e-01
-4.48436141e-01
-4.51177508e-01
-4.53914613e-01
-4.56647426e-01
-4.59375948e-01
-4.62100148e-01
-4.64819998e-01
-4.67535466e-01
-4.70246524e-01
-4.72953171e-01
-4.75655347e-01
-4.78353053e-01
-4.81046230e-01
-4.83734876e-01
-4.86418962e-01
-4.89098459e-01
-4.91773367e-01
-4.94443655e-01
-4.97109264e-01
-4.99770164e-01
-5.02426386e-01
-5.05077899e-01
-5.07724643e-01
-5.10366559e-01
-5.13003647e-01
-5.15635967e-01
-5.18263400e-01
-5.20886004e-01
-5.23503661e-01
-5.26116371e-01
-5.28724134e-01
-5.31326950e-01
-5.33924758e-01
-5.36517501e-01
-5.39105177e-01
-5.41687787e-01
-5.44265330e-01
-5.46837687e-01
-5.49404919e-01
-5.51966906e-01
-5.54523766e-01
-5.57075441e-01
-5.59621811e-01
-5.62162936e-01
-5.64698696e-01
-5.67229211e-01
-5.69754362e-01
-5.72274208e-01
-5.74788570e-01
-5.77297509e-01
-5.79801023e-01
-5.82299113e-01
-5.84791720e-01
-5.87278783e-01
-5.89760303e-01
-5.92236280e-01
-5.94706714e-01
-5.97171545e-01
-5.99630713e-01
-6.02084219e-01
-6.04532063e-01
-6.06974244e-01
-6.09410703e-01
-6.11841381e-01
-6.14266276e-01
-6.16685390e-01
-6.19098723e-01
-6.21506274e-01
-6.23907924e-01
-6.26303673e-01
-6.28693521e-01
-6.31077468e-01
-6.33455515e-01
-6.35827541e-01
-6.38193548e-01
-6.40553594e-01
-6.42907560e-01
-6.45255566e-01
-6.47597432e-01
-6.49933219e-01
-6.52262807e-01
-6.54586256e-01
-6.56903565e-01
-6.59214735e-01
-6.61519647e-01
-6.63818300e-01
-6.66110694e-01
-6.68396890e-01
-6.70676768e-01
-6.72950387e-01
-6.75217569e-01
-6.77478373e-01
-6.79732800e-01
-6.81980848e-01
-6.84222519e-01
-6.86457694e-01
-6.88686371e-01
-6.90908551e-01
-6.93124294e-01
-6.95333481e-01
-6.97536170e-01
-6.99732184e-01
-7.01921642e-01
-7.04104483e-01
-7.06280708e-01
-7.08450317e-01
-7.10613191e-01
-7.12769389e-01
-7.14918852e-01
-7.17061579e-01
-7.19197571e-01
-7.21326828e-01
-7.23449230e-01
-7.25564837e-01
-7.27673590e-01
-7.29775488e-01
-7.31870532e-01
-7.33958662e-01
-7.36039937e-01
-7.38114238e-01
-7.40181565e-01
-7.42241919e-01
-7.44295239e-01
-7.46341646e-01
-7.48380959e-01
-7.50413239e-01
-7.52438426e-01
-7.54456520e-01
-7.56467521e-01
-7.58471429e-01
-7.60468185e-01
-7.62457788e-01
-7.64440119e-01
-7.66415298e-01
-7.68383205e-01
-7.70343959e-01
-7.72297442e-01
-7.74243653e-01
-7.76182592e-01
-7.78114140e-01
-7.80038357e-01
-7.81955242e-01
-7.83864796e-01
-7.85766959e-01
-7.87661731e-01
-7.89549053e-01
-7.91428924e-01
-7.93301284e-01
-7.95166254e-01
-7.97023714e-01
-7.98873723e-01
-8.00716102e-01
-8.02550972e-01
-8.04378271e-01
-8.06198001e-01
-8.08010161e-01
-8.09814751e-01
-8.11611652e-01
-8.13400924e-01
-8.15182507e-01
-8.16956401e-01
-8.18722606e-01
-8.20481122e-01
-8.22231889e-01
-8.23974967e-01
-8.25710237e-01
-8.27437699e-01
-8.29157352e-01
-8.30869198e-01
-8.32573235e-01
-8.34269464e-01
-8.35957825e-01
-8.37638319e-01
-8.39310884e-01
-8.40975523e-01
-8.42632234e-01
-8.44281018e-01
-8.45921934e-01
-8.47554803e-01
-8.49179745e-01
-8.50796640e-01
-8.52405548e-01
-8.54006350e-01
-8.55599165e-01
-8.57183874e-01
-8.58760536e-01
-8.60329151e-01
-8.61889601e-01
-8.63441944e-01
-8.64986181e-01
-8.66522193e-01
-8.68050098e-01
-8.69569778e-01
-8.71081352e-01
-8.72584641e-01
-8.74079823e-01
-8.75566721e-01
-8.77045333e-01
-8.78515661e-01
-8.79977703e-01
-8.81431460e-01
-8.82876933e-01
-8.84314120e-01
-8.85742962e-01
-8.87163460e-01
-8.88575613e-01
-8.89979362e-01
-8.91374707e-01
-8.92761648e-01
-8.94140184e-01
-8.95510316e-01
-8.96872103e-01
-8.98225367e-01
-8.99570167e-01
-9.00906444e-01
-9.02234316e-01
-9.03553605e-01
-9.04864430e-01
-9.06166673e-01
-9.07460392e-01
-9.08745587e-01
-9.10022259e-01
-9.11290348e-01
-9.12549794e-01
-9.13800716e-01
-9.15042996e-01
-9.16276634e-01
-9.17501628e-01
-9.18717980e-01
-9.19925690e-01
-9.21124697e-01
-9.22315121e-01
-9.23496783e-01
-9.24669802e-01
-9.25834060e-01
-9.26989675e-01
-9.28136468e-01
-9.29274499e-01
-9.30403769e-01
-9.31524277e-01
-9.32636023e-01
-9.33739007e-01
-9.34833229e-01
-9.35918629e-01
-9.36995208e-01
-9.38062966e-01
-9.39121842e-01
-9.40171897e-01
-9.41213071e-01
-9.42245364e-01
-9.43268776e-01
-9.44283307e-01
-9.45288956e-01
-9.46285725e-01
-9.47273612e-01
-9.48252499e-01
-9.49222505e-01
-9.50183511e-01
-9.51135635e-01
-9.52078819e-01
-9.53012943e-01
-9.53938127e-01
-9.54854250e-01
-9.55761433e-01
-9.56659555e-01
-9.57548738e-01
-9.58428919e-01
-9.59300041e-01
-9.60162103e-01
-9.61015165e-01
-9.61859167e-01
-9.62694108e-01
-9.63519990e-01
-9.64336753e-01
-9.65144455e-01
-9.65943038e-01
-9.66732502e-01
-9.67512846e-01
-9.68284070e-01
-9.69046175e-01
-9.69799221e-01
-9.70543087e-01
-9.71277833e-01
-9.72003460e-01
-9.72719848e-01
-9.73427117e-01
-9.74125206e-01
-9.74814177e-01
-9.75493908e-01
-9.76164460e-01
-9.76825774e-01
-9.77477968e-01
-9.78120863e-01
-9.78754580e-01
-9.79379058e-01
-9.79994297e-01
-9.80600297e-01
-9.81197059e-01
-9.81784582e-01
-9.82362866e-01
-9.82931912e-01
-9.83491719e-01
-9.84042227e-01
-9.84583497e-01
-9.85115469e-01
-9.85638142e-01
-9.86151576e-01
-9.86655712e-01
-9.87150490e-01
-9.87636030e-01
-9.88112211e-01
-9.88579154e-01
-9.89036739e-01
-9.89485025e-01
-9.89923954e-01
-9.90353584e-01
-9.90773857e-01
-9.91184831e-01
-9.91586447e-01
-9.91978705e-01
-9.92361605e-01
-9.92735147e-01
-9.93099332e-01
-9.93454158e-01
-9.93799627e-01
-9.94135737e-01
-9.94462550e-01
-9.94779944e-01
-9.95087981e-01
-9.95386660e-01
-9.95675921e-01
-9.95955825e-01
-9.96226370e-01
-9.96487498e-01
-9.96739209e-01
-9.96981561e-01
-9.97214556e-01
-9.97438073e-01
-9.97652292e-01
-9.97857034e-01
-9.98052418e-01
-9.98238325e-01
-9.98414934e-01
-9.98582125e-01
-9.98739839e-01
-9.98888195e-01
-9.99027073e-01
-9.99156594e-01
-9.99276638e-01
-9.99387324e-01
-9.99488652e-01
-9.99580443e-01
-9.99662876e-01
-9.99735892e-01
-9.99799550e-01
-9.99853671e-01
-9.99898434e-01
-9.99933720e-01
-9.99959707e-01
-9.99976158e-01
-9.99983191e-01
-9.99980867e-01
-9.99969065e-01
-9.99947906e-01
-9.99917269e-01
-9.99877274e-01
-9.99827802e-01
-9.99768972e-01
-9.99700606e-01
-9.99622881e-01
-9.99535680e-01
-9.99439180e-01
-9.99333203e-01
-9.99217868e-01
-9.99092996e-01
-9.98958826e-01
-9.98815179e-01
-9.98662174e-01
-9.98499691e-01
-9.98327851e-01
-9.98146534e-01
-9.97955918e-01
-9.97755826e-01
-9.97546375e-01
-9.97327507e-01
-9.97099280e-01
-9.96861577e-01
-9.96614575e-01
-9.96358097e-01
-9.96092319e-01
-9.95817065e-01
-9.95532513e-01
-9.95238543e-01
-9.94935155e-01
-9.94622469e-01
-9.94300365e-01
-9.93968964e-01
-9.93628144e-01
-9.93278027e-01
-9.92918491e-01
-9.92549598e-01
-9.92171347e-01
-9.91783738e-01
-9.91386771e-01
-9.90980506e-01
-9.90564883e-01
-9.90139961e-01
-9.89705682e-01
-9.89262044e-01
-9.88809109e-01
-9.88346875e-01
-9.87875283e-01
-9.87394452e-01
-9.86904263e-01
-9.86404777e-01
-9.85896051e-01
-9.85377967e-01
-9.84850645e-01
-9.84314024e-01
-9.83768165e-01
-9.83213007e-01
-9.82648611e-01
-9.82074916e-01
-9.81492043e-01
-9.80899870e-01
-9.80298519e-01
-9.79687870e-01
-9.79068041e-01
-9.78438914e-01
-9.77800608e-01
-9.77153063e-01
-9.76496279e-01
-9.75830376e-01
-9.75155234e-01
-9.74470913e-01
-9.73777354e-01
-9.73074675e-01
-9.72362816e-01
-9.71641839e-01
-9.70911622e-01
-9.70172346e-01
-9.69423890e-01
-9.68666375e-01
-9.67899680e-01
-9.67123926e-01
-9.66338992e-01
-9.65544939e-01
-9.64741766e-01
-9.63929534e-01
-9.63108182e-01
-9.62277770e-01
-9.61438358e-01
-9.60589826e-01
-9.59732234e-01
-9.58865643e-01
-9.57989991e-01
-9.57105339e-01
-9.56211686e-01
-9.55309033e-01
-9.54397380e-01
-9.53476727e-01
-9.52547014e-01
-9.51608360e-01
-9.50660765e-01
-9.49704170e-01
-9.48738694e-01
-9.47764218e-01
-9.46780801e-01
-9.45788503e-01
-9.44787264e-01
-9.43777204e-01
-9.42758203e-01
-9.41730380e-01
-9.40693617e-01
-9.39648032e-01
-9.38593566e-01
-9.37530220e-01
-9.36458051e-01
-9.35377061e-01
-9.34287250e-01
-9.33188677e-01
-9.32081282e-01
-9.30965126e-01
-9.29840207e-01
-9.28706586e-01
-9.27564144e-01
-9.26413000e-01
-9.25253034e-01
-9.24084425e-01
-9.22907054e-01
-9.21721041e-01
-9.20526266e-01
-9.19322908e-01
-9.18110847e-01
-9.16890204e-01
-9.15660858e-01
-9.14422929e-01
-9.13176358e-01
-9.11921203e-01
-9.10657406e-01
-9.09385026e-01
-9.08104062e-01
-9.06814575e-01
-9.05516565e-01
-9.04210031e-01
-9.02895033e-01
-9.01571453e-01
-9.00239408e-01
-8.98898840e-01
-8.97549748e-01
-8.96192253e-01
-8.94826353e-01
-8.93451989e-01
-8.92069280e-01
-8.90678108e-01
-8.89278591e-01
-8.87870610e-01
-8.86454284e-01
-8.85029614e-01
-8.83596599e-01
-8.82155240e-01
-8.80705655e-01
-8.79247725e-01
-8.77781570e-01
-8.76307070e-01
-8.74824345e-01
-8.73333335e-01
-8.71834040e-01
-8.70326638e-01
-8.68811011e-01
-8.67287219e-01
-8.65755260e-01
-8.64215136e-01
-8.62666845e-01
-8.61110449e-01
-8.59545887e-01
-8.57973218e-01
-8.56392503e-01
-8.54803741e-01
-8.53206933e-01
-8.51602137e-01
-8.49989235e-01
-8.48368347e-01
-8.46739411e-01
-8.45102549e-01
-8.43457699e-01
-8.41804981e-01
-8.40144277e-01
-8.38475645e-01
-8.36799145e-01
-8.35114717e-01
-8.33422363e-01
-8.31722200e-01
-8.30014288e-01
-8.28298509e-01
-8.26574981e-01
-8.24843585e-01
-8.23104441e-01
-8.21357489e-01
-8.19602847e-01
-8.17840457e-01
-8.16070437e-01
-8.14292669e-01
-8.12507272e-01
-8.10714185e-01
-8.08913469e-01
-8.07105124e-01
-8.05289149e-01
-8.03465664e-01
-8.01634550e-01
-7.99795926e-01
-7.97949672e-01
-7.96095967e-01
-7.94234693e-01
-7.92366028e-01
-7.90489912e-01
-7.88606346e-01
-7.86715329e-01
-7.84816861e-01
-7.82910943e-01
-7.80997753e-01
-7.79077172e-01
-7.77149320e-01
-7.75214076e-01
-7.73271561e-01
-7.71321654e-01
-7.69364536e-01
-7.67400205e-01
-7.65428662e-01
-7.63449907e-01
-7.61463940e-01
-7.59470761e-01
-7.57470429e-01
-7.55462945e-01
-7.53448427e-01
-7.51426756e-01
-7.49398053e-01
-7.47362196e-01
-7.45319366e-01
-7.43269444e-01
-7.41212606e-01
-7.39148796e-01
-7.37078011e-01
-7.35000253e-01
-7.32915521e-01
-7.30823934e-01
-7.28725493e-01
-7.26620197e-01
-7.24507987e-01
-7.22388983e-01
-7.20263064e-01
-7.18130469e-01
-7.15991080e-01
-7.13845015e-01
-7.11692214e-01
-7.09532678e-01
-7.07366407e-01
-7.05193520e-01
-7.03014016e-01
-7.00827837e-01
-6.98635101e-01
-6.96435690e-01
-6.94229782e-01
-6.92017317e-01
-6.89798415e-01
-6.87572956e-01
-6.85341001e-01
-6.83102548e-01
-6.80857658e-01
-6.78606391e-01
-6.76348805e-01
-6.74084783e-01
-6.71814442e-01
-6.69537663e-01
-6.67254686e-01
-6.64965391e-01
-6.62669897e-01
-6.60368085e-01
-6.58060014e-01
-6.55745745e-01
-6.53425336e-01
-6.51098788e-01
-6.48766100e-01
-6.46427333e-01
-6.44082367e-01
-6.41731441e-01
-6.39374435e-01
-6.37011409e-01
-6.34642363e-01
-6.32267296e-01
-6.29886329e-01
-6.27499461e-01
-6.25106633e-01
-6.22707963e-01
-6.20303333e-01
-6.17892921e-01
-6.15476668e-01
-6.13054633e-01
-6.10626817e-01
-6.08193219e-01
-6.05753899e-01
-6.03308916e-01
-6.00858271e-01
-5.98401964e-01
-5.95939934e-01
-5.93472302e-01
-5.90999067e-01
-5.88520348e-01
-5.86036026e-01
-5.83546221e-01
-5.81050813e-01
-5.78549981e-01
-5.76043785e-01
-5.73532104e-01
-5.71015060e-01
-5.68492532e-01
-5.65964699e-01
-5.63431561e-01
-5.60893118e-01
-5.58349371e-01
-5.55800319e-01
-5.53246081e-01
-5.50686657e-01
-5.48122048e-01
-5.45552254e-01
-5.42977214e-01
-5.40397167e-01
-5.37811995e-01
-5.35221815e-01
-5.32626569e-01
-5.30026257e-01
-5.27420998e-01
-5.24810791e-01
-5.22195578e-01
-5.19575477e-01
-5.16950428e-01
-5.14320552e-01
-5.11685848e-01
-5.09046316e-01
-5.06401956e-01
-5.03752828e-01
-5.01098931e-01
-4.98440355e-01
-4.95777100e-01
-4.93109167e-01
-4.90436584e-01
-4.87759382e-01
-4.85077560e-01
-4.82391179e-01
-4.79700267e-01
-4.77004826e-01
-4.74304885e-01
-4.71600473e-01
-4.68891650e-01
-4.66178387e-01
-4.63460714e-01
-4.60738689e-01
-4.58012313e-01
-4.55281645e-01
-4.52546686e-01
-4.49807465e-01
-4.47063982e-01
-4.44316298e-01
-4.41564411e-01
-4.38808382e-01
-4.36048210e-01
-4.33283925e-01
-4.30515587e-01
-4.27743167e-01
-4.24966753e-01
-4.22186285e-01
-4.19401884e-01
-4.16613489e-01
-4.13821191e-01
-4.11024988e-01
-4.08224940e-01
-4.05421019e-01
-4.02613282e-01
-3.99801761e-01
-3.96986455e-01
-3.94167423e-01
-3.91344666e-01
-3.88518244e-01
-3.85688156e-01
-3.82854402e-01
-3.80017072e-01
-3.77176166e-01
-3.74331683e-01
-3.71483684e-01
-3.68632168e-01
-3.65777224e-01
-3.62918794e-01
-3.60056967e-01
-3.57191712e-01
-3.54323119e-01
-3.51451188e-01
-3.48575950e-01
-3.45697433e-01
-3.42815638e-01
-3.39930624e-01
-3.37042391e-01
-3.34151000e-01
-3.31256449e-01
-3.28358799e-01
-3.25458050e-01
-3.22554201e-01
-3.19647342e-01
-3.16737473e-01
-3.13824624e-01
-3.10908824e-01
-3.07990044e-01
-3.05068403e-01
-3.02143902e-01
-2.99216539e-01
-2.96286315e-01
-2.93353349e-01
-2.90417612e-01
-2.87479132e-01
-2.84537971e-01
-2.81594098e-01
-2.78647572e-01
-2.75698423e-01
-2.72746712e-01
-2.69792378e-01
-2.66835541e-01
-2.63876170e-01
-2.60914296e-01
-2.57949978e-01
-2.54983217e-01
-2.52014071e-01
-2.49042556e-01
-2.46068701e-01
-2.43092522e-01
-2.40114048e-01
-2.37133324e-01
-2.34150350e-01
-2.31165186e-01
-2.28177831e-01
-2.25188330e-01
-2.22196698e-01
-2.19202980e-01
-2.16207191e-01
-2.13209361e-01
-2.10209534e-01
-2.07207710e-01
-2.04203948e-01
-2.01198265e-01
-1.98190674e-01
-1.95181221e-01
-1.92169935e-01
-1.89156845e-01
-1.86141968e-01
-1.83125332e-01
-1.80106968e-01
-1.77086905e-01
-1.74065173e-01
-1.71041816e-01
-1.68016851e-01
-1.64990291e-01
-1.61962181e-01
-1.58932537e-01
-1.55901402e-01
-1.52868792e-01
-1.49834737e-01
-1.46799281e-01
-1.43762439e-01
-1.40724227e-01
-1.37684703e-01
-1.34643883e-01
-1.31601796e-01
-1.28558457e-01
-1.25513911e-01
-1.22468196e-01
-1.19421326e-01
-1.16373330e-01
-1.13324232e-01
-1.10274069e-01
-1.07222863e-01
-1.04170650e-01
-1.01117454e-01
-9.80633125e-02
-9.50082392e-02
-9.19522718e-02
-8.88954401e-02
-8.58377740e-02
-8.27792957e-02
-7.97200352e-02
-7.66600221e-02
-7.35992864e-02
-7.05378577e-02
-6.74757659e-02
-6.44130334e-02
-6.13497011e-02
-5.82857877e-02
-5.52213266e-02
-5.21563478e-02
-4.90908772e-02
-4.60249409e-02
-4.29585725e-02
-3.98917980e-02
-3.68246473e-02
-3.37571502e-02
-3.06893364e-02
-2.76212245e-02
-2.45529264e-02
-2.14842316e-02
-1.84145048e-02
-1.53451767e-02
-1.22912824e-02
-9.29523446e-03
-6.42568013e-03
-3.73848458e-03
-1.22263248e-03
1.22263248e-03
3.73848458e-03
