-3.06945550e-03
-0.00000000e+00
0.00000000e+00
3.06945550e-03
6.13888213e-03
9.20825079e-03
1.22775324e-02
1.53466994e-02
1.84157211e-02
2.14845687e-02
2.45532151e-02
2.76216287e-02
3.06897834e-02
3.37576494e-02
3.68251950e-02
3.98923941e-02
4.29592207e-02
4.60256375e-02
4.90916260e-02
5.21571487e-02
5.52221797e-02
5.82866929e-02
6.13506548e-02
6.44140393e-02
6.74768165e-02
7.05389604e-02
7.36004338e-02
7.66612217e-02
7.97212794e-02
8.27805921e-02
8.58391225e-02
8.88968408e-02
9.19537246e-02
9.50097442e-02
9.80648696e-02
1.01119064e-01
1.04172312e-01
1.07224576e-01
1.10275835e-01
1.13326050e-01
1.16375193e-01
1.19423248e-01
1.22470170e-01
1.25515953e-01
1.28560528e-01
1.31603912e-01
1.34646058e-01
1.37686923e-01
1.40726492e-01
1.43764749e-01
1.46801636e-01
1.49837151e-01
1.52871236e-01
1.55903906e-01
1.58935085e-01
1.61964774e-01
1.64992943e-01
1.68019548e-01
1.71044588e-01
1.74068004e-01
1.77089781e-01
1.80109888e-01
1.83128297e-01
1.86144978e-01
1.89159915e-01
1.92173064e-01
1.95184395e-01
1.98193893e-01
2.01201528e-01
2.04207271e-01
2.07211077e-01
2.10212946e-01
2.13212818e-01
2.16210693e-01
2.19206527e-01
2.22200289e-01
2.25191966e-01
2.28181526e-01
2.31168926e-01
2.34154150e-01
2.37137169e-01
2.40117967e-01
2.43096486e-01
2.46072710e-01
2.49046639e-01
2.52018213e-01
2.54987389e-01
2.57954180e-01
2.60918558e-01
2.63880461e-01
2.66839862e-01
2.69796759e-01
2.72751123e-01
2.75702924e-01
2.78652102e-01
2.81598687e-01
2.84542590e-01
2.87483841e-01
2.90422350e-01
2.93358147e-01
2.96291173e-01
2.99221396e-01
3.02148819e-01
3.05073380e-01
3.07995081e-01
3.10913861e-01
3.13829750e-01
3.16742629e-01
3.19652557e-01
3.22559476e-01
3.25463355e-01
3.28364164e-01
3.31261873e-01
3.34156454e-01
3.37047905e-01
3.39936167e-01
3.42821211e-01
3.45703065e-01
3.48581642e-01
3.51456940e-01
3.54328901e-01
3.57197553e-01
3.60062838e-01
3.62924725e-01
3.65783185e-01
3.68638188e-01
3.71489733e-01
3.74337792e-01
3.77182305e-01
3.80023271e-01
3.82860661e-01
3.85694444e-01
3.88524592e-01
3.91351074e-01
3.94173861e-01
3.96992952e-01
3.99808288e-01
4.02619869e-01
4.05427635e-01
4.08231616e-01
4.11031723e-01
4.13827956e-01
4.16620314e-01
4.19408739e-01
4.22193199e-01
4.24973696e-01
4.27750170e-01
4.30522650e-01
4.33291048e-01
4.36055362e-01
4.38815564e-01
4.41571653e-01
4.44323570e-01
4.47071284e-01
4.49814796e-01
4.52554077e-01
4.55289096e-01
4.58019823e-01
4.60746229e-01
4.63468313e-01
4.66186017e-01
4.68899310e-01
4.71608192e-01
4.74312663e-01
4.77012634e-01
4.79708135e-01
4.82399076e-01
4.85085517e-01
4.87767369e-01
4.90444630e-01
4.93117243e-01
4.95785236e-01
4.98448551e-01
5.01107156e-01
5.03761113e-01
5.06410241e-01
5.09054601e-01
5.11694193e-01
5.14328957e-01
5.16958892e-01
5.19583941e-01
5.22204101e-01
5.24819314e-01
5.27429640e-01
5.30034959e-01
5.32635272e-01
5.35230577e-01
5.37820876e-01
5.40406048e-01
5.42986155e-01
5.45561135e-01
5.48130989e-01
5.50695658e-01
5.53255200e-01
5.55809498e-01
5.58358550e-01
5.60902297e-01
5.63440800e-01
5.65973997e-01
5.68501890e-01
5.71024358e-01
5.73541522e-01
5.76053262e-01
5.78559518e-01
5.81060350e-01
5.83555758e-01
5.86045623e-01
5.88529944e-01
5.91008782e-01
5.93482018e-01
5.95949650e-01
5.98411679e-01
6.00868106e-01
6.03318810e-01
6.05763853e-01
6.08203232e-01
6.10636830e-01
6.13064706e-01
6.15486741e-01
6.17903054e-01
6.20313525e-01
6.22718155e-01
6.25116885e-01
6.27509713e-01
6.29896700e-01
6.32277727e-01
6.34652734e-01
6.37021840e-01
6.39384925e-01
6.41741991e-01
6.44092977e-01
6.46437883e-01
6.48776770e-01
6.51109517e-01
6.53436065e-01
6.55756533e-01
6.58070803e-01
6.60378873e-01
6.62680686e-01
6.64976299e-01
6.67265654e-01
6.69548690e-01
6.71825409e-01
6.74095809e-01
6.76359892e-01
6.78617597e-01
6.80868864e-01
6.83113754e-01
6.85352206e-01
6.87584162e-01
6.89809680e-01
6.92028701e-01
6.94241166e-01
6.96447134e-01
6.98646545e-01
7.00839341e-01
7.03025520e-01
7.05205083e-01
7.07378030e-01
7.09544301e-01
7.11703897e-01
7.13856757e-01
7.16002882e-01
7.18142331e-01
7.20274925e-01
7.22400784e-01
7.24519849e-01
7.26632059e-01
7.28737473e-01
7.30835974e-01
7.32927561e-01
7.35012293e-01
7.37090111e-01
7.39160955e-01
7.41224825e-01
7.43281722e-01
7.45331645e-01
7.47374475e-01
7.49410331e-01
7.51439095e-01
7.53460824e-01
7.55475402e-01
7.57482886e-01
7.59483218e-01
7.61476398e-01
7.63462424e-01
7.65441239e-01
7.67412841e-01
7.69377232e-01
7.71334350e-01
7.73284197e-01
7.75226772e-01
7.77162075e-01
7.79089987e-01
7.81010628e-01
7.82923877e-01
7.84829736e-01
7.86728203e-01
7.88619280e-01
7.90502906e-01
7.92379081e-01
7.94247806e-01
7.96109080e-01
7.97962785e-01
7.99809039e-01
8.01647723e-01
8.03478837e-01
8.05302441e-01
8.07118416e-01
8.08926761e-01
8.10727537e-01
8.12520623e-01
8.14306080e-01
8.16083848e-01
8.17853987e-01
8.19616377e-01
8.21371019e-01
8.23117971e-01
8.24857116e-01
8.26588571e-01
8.28312159e-01
8.30027997e-01
8.31735969e-01
8.33436131e-01
8.35128427e-01
8.36812854e-01
8.38489413e-01
8.40158045e-01
8.41818810e-01
8.43471587e-01
8.45116436e-01
8.46753359e-01
8.48382294e-01
8.50003183e-01
8.51616085e-01
8.53220999e-01
8.54817867e-01
8.56406629e-01
8.57987404e-01
8.59560013e-01
8.61124575e-01
8.62681031e-01
8.64229321e-01
8.65769506e-01
8.67301524e-01
8.68825316e-01
8.70341003e-01
8.71848464e-01
8.73347700e-01
8.74838710e-01
8.76321435e-01
8.77795994e-01
8.79262209e-01
8.80720198e-01
8.82169843e-01
8.83611202e-01
8.85044217e-01
8.86468887e-01
8.87885213e-01
8.89293194e-01
8.90692770e-01
8.92083943e-01
8.93466771e-01
8.94841135e-01
8.96207094e-01
8.97564590e-01
8.98913622e-01
9.00254190e-01
9.01586294e-01
9.02909875e-01
9.04224992e-01
9.05531526e-01
9.06829596e-01
9.08119082e-01
9.09399986e-01
9.10672367e-01
9.11936164e-01
9.13191378e-01
9.14437950e-01
9.15675938e-01
9.16905284e-01
9.18126047e-01
9.19338107e-01
9.20541465e-01
9.21736240e-01
9.22922254e-01
9.24099624e-01
9.25268292e-01
9.26428199e-01
9.27579403e-01
9.28721845e-01
9.29855585e-01
9.30980504e-01
9.32096660e-01
9.33204055e-01
9.34302688e-01
9.35392499e-01
9.36473489e-01
9.37545657e-01
9.38608944e-01
9.39663470e-01
9.40709114e-01
9.41745877e-01
9.42773759e-01
9.43792760e-01
9.44802880e-01
9.45804119e-01
9.46796417e-01
9.47779834e-01
9.48754311e-01
9.49719787e-01
9.50676382e-01
9.51624036e-01
9.52562690e-01
9.53492343e-01
9.54413056e-01
9.55324709e-01
9.56227422e-01
9.57121134e-01
9.58005786e-01
9.58881438e-01
9.59748089e-01
9.60605621e-01
9.61454153e-01
9.62293625e-01
9.63124037e-01
9.63945329e-01
9.64757621e-01
9.65560734e-01
9.66354787e-01
9.67139781e-01
9.67915595e-01
9.68682289e-01
9.69439924e-01
9.70188379e-01
9.70927715e-01
9.71657872e-01
9.72378850e-01
9.73090708e-01
9.73793387e-01
9.74486947e-01
9.75171268e-01
9.75846410e-01
9.76512372e-01
9.77169096e-01
9.77816641e-01
9.78454947e-01
9.79084074e-01
9.79703963e-01
9.80314612e-01
9.80916023e-01
9.81508255e-01
9.82091188e-01
9.82664824e-01
9.83229280e-01
9.83784437e-01
9.84330297e-01
9.84866917e-01
9.85394239e-01
9.85912323e-01
9.86421049e-01
9.86920536e-01
9.87410724e-01
9.87891555e-01
9.88363147e-01
9.88825381e-01
9.89278316e-01
9.89721894e-01
9.90156233e-01
9.90581155e-01
9.90996778e-01
9.91403103e-01
9.91800010e-01
9.92187619e-01
9.92565870e-01
9.92934763e-01
9.93294358e-01
9.93644536e-01
9.93985355e-01
9.94316816e-01
9.94638920e-01
9.94951606e-01
9.95254993e-01
9.95548964e-01
9.95833576e-01
9.96108770e-01
9.96374607e-01
9.96631026e-01
9.96878088e-01
9.97115731e-01
9.97344017e-01
9.97562885e-01
9.97772336e-01
9.97972369e-01
9.98163044e-01
9.98344302e-01
9.98516142e-01
9.98678625e-01
9.98831630e-01
9.98975277e-01
9.99109507e-01
9.99234319e-01
9.99349713e-01
9.99455631e-01
9.99552190e-01
9.99639332e-01
9.99717057e-01
9.99785364e-01
9.99844253e-01
9.99893725e-01
9.99933779e-01
9.99964356e-01
9.99985576e-01
9.99997377e-01
9.99999702e-01
9.99992669e-01
9.99976158e-01
9.99950230e-01
9.99914885e-01
9.99870181e-01
9.99816000e-01
9.99752402e-01
9.99679387e-01
9.99596953e-01
9.99505103e-01
9.99403834e-01
9.99293149e-01
9.99173105e-01
9.99043584e-01
9.98904645e-01
9.98756289e-01
9.98598576e-01
9.98431444e-01
9.98254836e-01
9.98068929e-01
9.97873545e-01
9.97668743e-01
9.97454584e-01
9.97231066e-01
9.96998072e-01
9.96755719e-01
9.96504009e-01
9.96242821e-01
9.95972335e-01
9.95692432e-01
9.95403171e-01
9.95104492e-01
9.94796455e-01
9.94479060e-01
9.94152248e-01
9.93816137e-01
9.93470609e-01
9.93115723e-01
9.92751479e-01
9.92377937e-01
9.91994977e-01
9.91602719e-01
9.91201103e-01
9.90790129e-01
9.90369856e-01
9.89940226e-01
9.89501297e-01
9.89053011e-01
9.88595426e-01
9.88128543e-01
9.87652302e-01
9.87166762e-01
9.86671984e-01
9.86167848e-01
9.85654414e-01
9.85131741e-01
9.84599769e-01
9.84058499e-01
9.83507991e-01
9.82948184e-01
9.82379138e-01
9.81800854e-01
9.81213272e-01
9.80616510e-01
9.80010450e-01
9.79395211e-01
9.78770673e-01
9.78136957e-01
9.77494001e-01
9.76841867e-01
9.76180553e-01
9.75510001e-01
9.74830270e-01
9.74141300e-01
9.73443210e-01
9.72735941e-01
9.72019494e-01
9.71293926e-01
9.70559180e-01
9.69815314e-01
9.69062269e-01
9.68300104e-01
9.67528820e-01
9.66748416e-01
9.65958953e-01
9.65160310e-01
9.64352608e-01
9.63535845e-01
9.62709963e-01
9.61875021e-01
9.61031020e-01
9.60178018e-01
9.59315896e-01
9.58444774e-01
9.57564592e-01
9.56675410e-01
9.55777228e-01
9.54870045e-01
9.53953803e-01
9.53028619e-01
9.52094495e-01
9.51151311e-01
9.50199246e-01
9.49238181e-01
9.48268175e-01
9.47289228e-01
9.46301401e-01
9.45304632e-01
9.44298983e-01
9.43284392e-01
9.42260921e-01
9.41228569e-01
9.40187395e-01
9.39137340e-01
9.38078403e-01
9.37010646e-01
9.35934067e-01
9.34848666e-01
9.33754504e-01
9.32651460e-01
9.31539714e-01
9.30419147e-01
9.29289818e-01
9.28151727e-01
9.27004874e-01
9.25849319e-01
9.24685061e-01
9.23512042e-01
9.22330320e-01
9.21139956e-01
9.19940889e-01
9.18733120e-01
9.17516768e-01
9.16291714e-01
9.15058076e-01
9.13815737e-01
9.12564874e-01
9.11305368e-01
9.10037279e-01
9.08760607e-01
9.07475412e-01
9.06181633e-01
9.04879332e-01
9.03568506e-01
9.02249157e-01
9.00921285e-01
8.99584949e-01
8.98240149e-01
8.96886885e-01
8.95525157e-01
8.94155025e-01
8.92776430e-01
8.91389430e-01
8.89994025e-01
8.88590276e-01
8.87178123e-01
8.85757625e-01
8.84328723e-01
8.82891536e-01
8.81446064e-01
8.79992247e-01
8.78530145e-01
8.77059758e-01
8.75581145e-01
8.74094248e-01
8.72599125e-01
8.71095777e-01
8.69584203e-01
8.68064463e-01
8.66536558e-01
8.65000427e-01
8.63456190e-01
8.61903846e-01
8.60343337e-01
8.58774722e-01
8.57198060e-01
8.55613291e-01
8.54020476e-01
8.52419555e-01
8.50810647e-01
8.49193752e-01
8.47568810e-01
8.45935941e-01
8.44295025e-01
8.42646182e-01
8.40989411e-01
8.39324713e-01
8.37652147e-01
8.35971653e-01
8.34283292e-01
8.32587063e-01
8.30882967e-01
8.29171062e-01
8.27451348e-01
8.25723827e-01
8.23988557e-01
8.22245479e-01
8.20494711e-01
8.18736136e-01
8.16969931e-01
8.15195978e-01
8.13414335e-01
8.11625063e-01
8.09828103e-01
8.08023572e-01
8.06211352e-01
8.04391623e-01
8.02564263e-01
8.00729334e-01
7.98886895e-01
7.97036886e-01
7.95179427e-01
7.93314397e-01
7.91441977e-01
7.89562047e-01
7.87674665e-01
7.85779893e-01
7.83877730e-01
7.81968176e-01
7.80051231e-01
7.78126955e-01
7.76195347e-01
7.74256408e-01
7.72310197e-01
7.70356715e-01
7.68395960e-01
7.66427934e-01
7.64452755e-01
7.62470305e-01
7.60480702e-01
7.58483946e-01
7.56480038e-01
7.54469037e-01
7.52450883e-01
7.50425637e-01
7.48393297e-01
7.46353984e-01
7.44307578e-01
7.42254198e-01
7.40193784e-01
7.38126397e-01
7.36052096e-01
7.33970821e-01
7.31882632e-01
7.29787588e-01
7.27685630e-01
7.25576818e-01
7.23461211e-01
7.21338749e-01
7.19209492e-01
7.17073500e-01
7.14930713e-01
7.12781191e-01
7.10624933e-01
7.08462000e-01
7.06292391e-01
7.04116166e-01
7.01933265e-01
6.99743748e-01
6.97547674e-01
6.95344985e-01
6.93135798e-01
6.90920055e-01
6.88697755e-01
6.86469018e-01
6.84233785e-01
6.81992114e-01
6.79744065e-01
6.77489579e-01
6.75228655e-01
6.72961473e-01
6.70687854e-01
6.68407977e-01
6.66121781e-01
6.63829327e-01
6.61530614e-01
6.59225643e-01
6.56914473e-01
6.54597104e-01
6.52273595e-01
6.49943888e-01
6.47608101e-01
6.45266235e-01
6.42918229e-01
6.40564203e-01
6.38204157e-01
6.35838091e-01
6.33466005e-01
6.31087959e-01
6.28703952e-01
6.26314044e-01
6.23918235e-01
6.21516585e-01
6.19109035e-01
6.16695642e-01
6.14276469e-01
6.11851513e-01
6.09420776e-01
6.06984258e-01
6.04542077e-01
6.02094173e-01
5.99640608e-01
5.97181380e-01
5.94716549e-01
5.92246115e-01
5.89770079e-01
5.87288499e-01
5.84801376e-01
5.82308769e-01
5.79810679e-01
5.77307105e-01
5.74798048e-01
5.72283626e-01
5.69763839e-01
5.67238629e-01
5.64708114e-01
5.62172234e-01
5.59631109e-01
5.57084680e-01
5.54533005e-01
5.51976085e-01
5.49414039e-01
5.46846747e-01
5.44274330e-01
5.41696787e-01
5.39114118e-01
5.36526382e-01
5.33933580e-01
5.31335771e-01
5.28732955e-01
5.26125133e-01
5.23512363e-01
5.20894647e-01
5.18272042e-01
5.15644550e-01
5.13012230e-01
5.10375023e-01
5.07733047e-01
5.05086303e-01
5.02434731e-01
4.99778479e-01
4.97117519e-01
4.94451851e-01
4.91781533e-01
4.89106596e-01
4.86427039e-01
4.83742893e-01
4.81054187e-01
4.78360981e-01
4.75663245e-01
4.72961009e-01
4.70254332e-01
4.67543244e-01
4.64827716e-01
4.62107837e-01
4.59383607e-01
4.56655025e-01
4.53922153e-01
4.51184988e-01
4.48443592e-01
4.45697963e-01
4.42948133e-01
4.40194160e-01
4.37436014e-01
4.34673727e-01
4.31907386e-01
4.29136932e-01
4.26362455e-01
4.23583984e-01
4.20801491e-01
4.18015033e-01
4.15224671e-01
4.12430346e-01
4.09632176e-01
4.06830132e-01
4.04024273e-01
4.01214570e-01
3.98401111e-01
3.95583898e-01
3.92762959e-01
3.89938325e-01
3.87109995e-01
3.84278029e-01
3.81442457e-01
3.78603280e-01
3.75760525e-01
3.72914225e-01
3.70064437e-01
3.67211133e-01
3.64354402e-01
3.61494213e-01
3.58630627e-01
3.55763674e-01
3.52893353e-01
3.50019723e-01
3.47142786e-01
3.44262570e-01
3.41379136e-01
3.38492453e-01
3.35602611e-01
3.32709581e-01
3.29813421e-01
3.26914161e-01
3.24011832e-01
3.21106434e-01
3.18197995e-01
3.15286577e-01
3.12372208e-01
3.09454858e-01
3.06534618e-01
3.03611487e-01
3.00685495e-01
2.97756672e-01
2.94825047e-01
2.91890621e-01
2.88953453e-01
2.86013573e-01
2.83071011e-01
2.80125767e-01
2.77177870e-01
2.74227381e-01
2.71274298e-01
2.68318653e-01
2.65360504e-01
2.62399822e-01
2.59436697e-01
2.56471127e-01
2.53503114e-01
2.50532746e-01
2.47559994e-01
2.44584918e-01
2.41607532e-01
2.38627881e-01
2.35645965e-01
2.32661843e-01
2.29675531e-01
2.26687044e-01
2.23696426e-01
2.20703706e-01
2.17708901e-01
2.14712039e-01
2.11713165e-01
2.08712280e-01
2.05709442e-01
2.02704668e-01
1.99697971e-01
1.96689412e-01
1.93678990e-01
1.90666735e-01
1.87652692e-01
1.84636876e-01
1.81619331e-01
1.78600073e-01
1.75579116e-01
1.72556520e-01
1.69532299e-01
1.66506469e-01
1.63479090e-01
1.60450146e-01
1.57419711e-01
1.54387787e-01
1.51354402e-01
1.48319587e-01
1.45283386e-01
1.42245814e-01
1.39206901e-01
1.36166677e-01
1.33125171e-01
1.30082414e-01
1.27038419e-01
1.23993233e-01
1.20946884e-01
1.17899388e-01
1.14850789e-01
1.11801103e-01
1.08750366e-01
1.05698600e-01
1.02645844e-01
9.95921120e-02
9.65374485e-02
9.34818760e-02
9.04254243e-02
8.73681158e-02
8.43099877e-02
8.12510625e-02
7.81913698e-02
7.51309469e-02
7.20698088e-02
6.90080002e-02
6.59455359e-02
6.28824532e-02
5.98187745e-02
5.67545332e-02
5.36897592e-02
5.06244749e-02
4.75587174e-02
4.44925129e-02
4.14258875e-02
3.83588709e-02
3.52914929e-02
3.22237834e-02
2.91557703e-02
2.60874834e-02
2.30189487e-02
1.99501980e-02
1.68812592e-02
1.38121620e-02
1.07429344e-02
7.67360535e-03
4.60420409e-03
1.53475930e-03
-1.53469970e-03
-4.60414449e-03
-7.67354574e-03
-1.07428748e-02
-1.38121024e-02
-1.68811996e-02
-1.99501384e-02
-2.30188891e-02
-2.60874238e-02
-2.91557107e-02
-3.22237238e-02
-3.52914333e-02
-3.83588113e-02
-4.14258279e-02
-4.44924533e-02
-4.75586578e-02
-5.06244153e-02
-5.36896996e-02
-5.67544736e-02
-5.98187149e-02
-6.28823936e-02
-6.59454763e-02
-6.90079406e-02
-7.20697492e-02
-7.51308873e-02
-7.81913102e-02
-8.12510028e-02
-8.43099281e-02
-8.73680562e-02
-9.04253647e-02
-9.34818164e-02
-9.65373889e-02
-9.95920524e-02
-1.02645785e-01
-1.05698541e-01
-1.08750306e-01
-1.11801043e-01
-1.14850730e-01
-1.17899328e-01
-1.20946825e-01
-1.23993173e-01
-1.27038360e-01
-1.30082354e-01
-1.33125111e-01
-1.36166617e-01
-1.39206842e-01
-1.42245755e-01
-1.45283327e-01
-1.48319528e-01
-1.51354343e-01
-1.54387727e-01
-1.57419652e-01
-1.60450086e-01
-1.63479030e-01
-1.66506410e-01
-1.69532239e-01
-1.72556460e-01
-1.75579056e-01
-1.78600013e-01
-1.81619272e-01
-1.84636816e-01
-1.87652633e-01
-1.90666676e-01
-1.93678930e-01
-1.96689352e-01
-1.99697912e-01
-2.02704608e-01
-2.05709383e-01
-2.08712220e-01
-2.11713105e-01
-2.14711979e-01
-2.17708841e-01
-2.20703647e-01
-2.23696366e-01
-2.26686984e-01
-2.29675472e-01
-2.32661784e-01
-2.35645920e-01
-2.38627821e-01
-2.41607472e-01
-2.44584858e-01
-2.47559935e-01
-2.50532687e-01
-2.53503054e-01
-2.56471068e-01
-2.59436637e-01
-2.62399793e-01
-2.65360445e-01
-2.68318594e-01
-2.71274239e-01
-2.74227321e-01
-2.77177811e-01
-2.80125707e-01
-2.83070952e-01
-2.86013514e-01
-2.88953394e-01
-2.91890562e-01
-2.94824988e-01
-2.97756612e-01
-3.00685436e-01
-3.03611428e-01
-3.06534559e-01
-3.09454829e-01
-3.12372148e-01
-3.15286547e-01
-3.18197966e-01
-3.21106374e-01
-3.24011773e-01
-3.26914102e-01
-3.29813361e-01
-3.32709521e-01
-3.35602552e-01
-3.38492393e-01
-3.41379076e-01
-3.44262511e-01
-3.47142726e-01
-3.50019664e-01
-3.52893293e-01
-3.55763614e-01
-3.58630598e-01
-3.61494154e-01
-3.64354342e-01
-3.67211103e-01
-3.70064378e-01
-3.72914165e-01
-3.75760466e-01
-3.78603220e-01
-3.81442398e-01
-3.84277970e-01
-3.87109935e-01
-3.89938265e-01
-3.92762899e-01
-3.95583838e-01
-3.98401052e-01
-4.01214510e-01
-4.04024214e-01
-4.06830072e-01
-4.09632117e-01
-4.12430316e-01
-4.15224612e-01
-4.18015003e-01
-4.20801431e-01
-4.23583925e-01
-4.26362425e-01
-4.29136872e-01
-4.31907326e-01
-4.34673667e-01
-4.37435955e-01
-4.40194100e-01
-4.42948103e-01
-4.45697904e-01
-4.48443532e-01
-4.51184958e-01
-4.53922093e-01
-4.56654966e-01
-4.59383547e-01
-4.62107778e-01
-4.64827687e-01
-4.67543185e-01
-4.70254272e-01
-4.72960949e-01
-4.75663185e-01
-4.78360921e-01
-4.81054157e-01
-4.83742833e-01
-4.86426979e-01
-4.89106536e-01
-4.91781503e-01
-4.94451791e-01
-4.97117460e-01
-4.99778420e-01
-5.02434671e-01
-5.05086243e-01
-5.07732987e-01
-5.10374963e-01
-5.13012171e-01
-5.15644491e-01
-5.18271983e-01
-5.20894587e-01
-5.23512304e-01
-5.26125073e-01
-5.28732896e-01
-5.31335711e-01
-5.33933520e-01
-5.36526322e-01
-5.39114058e-01
-5.41696727e-01
-5.44274271e-01
-5.46846688e-01
-5.49413979e-01
-5.51976085e-01
-5.54532945e-01
-5.57084620e-01
-5.59631050e-01
-5.62172174e-01
-5.64708054e-01
-5.67238569e-01
-5.69763780e-01
-5.72283566e-01
-5.74798048e-01
-5.77307045e-01
-5.79810619e-01
-5.82308710e-01
-5.84801376e-01
-5.87288439e-01
-5.89770019e-01
-5.92246056e-01
-5.94716489e-01
-5.97181380e-01
-5.99640548e-01
-6.02094114e-01
-6.04542017e-01
-6.06984258e-01
-6.09420717e-01
-6.11851454e-01
-6.14276409e-01
-6.16695583e-01
-6.19108975e-01
-6.21516526e-01
-6.23918235e-01
-6.26314044e-01
-6.28703952e-01
-6.31087899e-01
-6.33465946e-01
-6.35838032e-01
-6.38204098e-01
-6.40564144e-01
-6.42918229e-01
-6.45266175e-01
-6.47608101e-01
-6.49943888e-01
-6.52273536e-01
-6.54597044e-01
-6.56914413e-01
-6.59225583e-01
-6.61530554e-01
-6.63829267e-01
-6.66121721e-01
-6.68407917e-01
-6.70687854e-01
-6.72961414e-01
-6.75228655e-01
-6.77489519e-01
-6.79744005e-01
-6.81992114e-01
-6.84233785e-01
-6.86468959e-01
-6.88697696e-01
-6.90919995e-01
-6.93135738e-01
-6.95344985e-01
-6.97547615e-01
-6.99743748e-01
-7.01933205e-01
-7.04116106e-01
-7.06292391e-01
-7.08462000e-01
-7.10624874e-01
-7.12781131e-01
-7.14930654e-01
-7.17073441e-01
-7.19209433e-01
-7.21338689e-01
-7.23461151e-01
-7.25576818e-01
-7.27685571e-01
-7.29787529e-01
-7.31882632e-01
-7.33970761e-01
-7.36052036e-01
-7.38126397e-01
-7.40193725e-01
-7.42254138e-01
-7.44307518e-01
-7.46353924e-01
-7.48393297e-01
-7.50425577e-01
-7.52450824e-01
-7.54468977e-01
-7.56480038e-01
-7.58483946e-01
-7.60480702e-01
-7.62470305e-01
-7.64452696e-01
-7.66427934e-01
-7.68395901e-01
-7.70356655e-01
-7.72310197e-01
-7.74256408e-01
-7.76195288e-01
-7.78126955e-01
-7.80051231e-01
-7.81968117e-01
-7.83877730e-01
-7.85779893e-01
-7.87674665e-01
-7.89561987e-01
-7.91441917e-01
-7.93314397e-01
-7.95179367e-01
-7.97036886e-01
-7.98886836e-01
-8.00729334e-01
-8.02564204e-01
-8.04391563e-01
-8.06211352e-01
-8.08023512e-01
-8.09828103e-01
-8.11625004e-01
-8.13414276e-01
-8.15195918e-01
-8.16969872e-01
-8.18736136e-01
-8.20494652e-01
-8.22245479e-01
-8.23988497e-01
-8.25723827e-01
-8.27451289e-01
-8.29171002e-01
-8.30882907e-01
-8.32587004e-01
-8.34283233e-01
-8.35971594e-01
-8.37652087e-01
-8.39324713e-01
-8.40989411e-01
-8.42646182e-01
-8.44295025e-01
-8.45935881e-01
-8.47568810e-01
-8.49193692e-01
-8.50810647e-01
-8.52419555e-01
-8.54020417e-01
-8.55613232e-01
-8.57198000e-01
-8.58774722e-01
-8.60343337e-01
-8.61903787e-01
-8.63456190e-01
-8.65000427e-01
-8.66536498e-01
-8.68064404e-01
-8.69584203e-01
-8.71095717e-01
-8.72599065e-01
-8.74094188e-01
-8.75581086e-01
-8.77059758e-01
-8.78530085e-01
-8.79992187e-01
-8.81446004e-01
-8.82891536e-01
-8.84328723e-01
-8.85757565e-01
-8.87178063e-01
-8.88590217e-01
-8.89994025e-01
-8.91389430e-01
-8.92776370e-01
-8.94154966e-01
-8.95525157e-01
-8.96886885e-01
-8.98240149e-01
-8.99584949e-01
-9.00921285e-01
-9.02249098e-01
-9.03568447e-01
-9.04879332e-01
-9.06181633e-01
-9.07475352e-01
-9.08760607e-01
-9.10037279e-01
-9.11305368e-01
-9.12564814e-01
-9.13815737e-01
-9.15058017e-01
-9.16291714e-01
-9.17516708e-01
-9.18733120e-01
-9.19940889e-01
-9.21139956e-01
-9.22330320e-01
-9.23512042e-01
-9.24685001e-01
-9.25849319e-01
-9.27004874e-01
-9.28151727e-01
-9.29289758e-01
-9.30419087e-01
-9.31539655e-01
-9.32651460e-01
-9.33754444e-01
-9.34848666e-01
-9.35934067e-01
-9.37010646e-01
-9.38078403e-01
-9.39137280e-01
-9.40187395e-01
-9.41228569e-01
-9.42260921e-01
-9.43284392e-01
-9.44298923e-01
-9.45304632e-01
-9.46301401e-01
-9.47289228e-01
-9.48268175e-01
-9.49238181e-01
-9.50199187e-01
-9.51151311e-01
-9.52094436e-01
-9.53028619e-01
-9.53953803e-01
-9.54869986e-01
-9.55777228e-01
-9.56675410e-01
-9.57564592e-01
-9.58444774e-01
-9.59315896e-01
-9.60177958e-01
-9.61031020e-01
-9.61875021e-01
-9.62709963e-01
-9.63535845e-01
-9.64352608e-01
-9.65160310e-01
-9.65958893e-01
-9.66748416e-01
-9.67528820e-01
-9.68300104e-01
-9.69062269e-01
-9.69815254e-01
-9.70559180e-01
-9.71293926e-01
-9.72019494e-01
-9.72735941e-01
-9.73443210e-01
-9.74141300e-01
-9.74830210e-01
-9.75510001e-01
-9.76180494e-01
-9.76841867e-01
-9.77494001e-01
-9.78136957e-01
-9.78770673e-01
-9.79395151e-01
-9.80010450e-01
-9.80616510e-01
-9.81213272e-01
-9.81800854e-01
-9.82379138e-01
-9.82948184e-01
-9.83507991e-01
-9.84058499e-01
-9.84599769e-01
-9.85131741e-01
-9.85654414e-01
-9.86167848e-01
-9.86671984e-01
-9.87166762e-01
-9.87652302e-01
-9.88128483e-01
-9.88595426e-01
-9.89053011e-01
-9.89501297e-01
-9.89940226e-01
-9.90369856e-01
-9.90790129e-01
-9.91201103e-01
-9.91602719e-01
-9.91994977e-01
-9.92377937e-01
-9.92751479e-01
-9.93115723e-01
-9.93470609e-01
-9.93816078e-01
-9.94152248e-01
-9.94479001e-01
-9.94796455e-01
-9.95104492e-01
-9.95403111e-01
-9.95692432e-01
-9.95972335e-01
-9.96242821e-01
-9.96503949e-01
-9.96755719e-01
-9.96998072e-01
-9.97231007e-01
-9.97454584e-01
-9.97668743e-01
-9.97873545e-01
-9.98068929e-01
-9.98254836e-01
-9.98431444e-01
-9.98598576e-01
-9.98756289e-01
-9.98904645e-01
-9.99043584e-01
-9.99173045e-01
-9.99293149e-01
-9.99403834e-01
-9.99505103e-01
-9.99596953e-01
-9.99679387e-01
-9.99752402e-01
-9.99816000e-01
-9.99870181e-01
-9.99914885e-01
-9.99950230e-01
-9.99976158e-01
-9.99992669e-01
-9.99999702e-01
-9.99997377e-01
-9.99985576e-01
-9.99964356e-01
-9.99933779e-01
-9.99893725e-01
-9.99844253e-01
-9.99785364e-01
-9.99717057e-01
-9.99639332e-01
-9.99552190e-01
-9.99455631e-01
-9.99349713e-01
-9.99234319e-01
-9.99109507e-01
-9.98975277e-01
-9.98831630e-01
-9.98678625e-01
-9.98516202e-01
-9.98344302e-01
-9.98163044e-01
-9.97972369e-01
-9.97772336e-01
-9.97562885e-01
-9.97344017e-01
-9.97115731e-01
-9.96878088e-01
-9.96631026e-01
-9.96374607e-01
-9.96108770e-01
-9.95833576e-01
-9.95548964e-01
-9.95254993e-01
-9.94951665e-01
-9.94638920e-01
-9.94316816e-01
-9.93985355e-01
-9.93644536e-01
-9.93294358e-01
-9.92934763e-01
-9.92565870e-01
-9.92187619e-01
-9.91800010e-01
-9.91403103e-01
-9.90996778e-01
-9.90581155e-01
-9.90156233e-01
-9.89721954e-01
-9.89278316e-01
-9.88825381e-01
-9.88363147e-01
-9.87891555e-01
-9.87410724e-01
-9.86920536e-01
-9.86421049e-01
-9.85912323e-01
-9.85394239e-01
-9.84866917e-01
-9.84330297e-01
-9.83784437e-01
-9.83229280e-01
-9.82664824e-01
-9.82091188e-01
-9.81508255e-01
-9.80916083e-01
-9.80314612e-01
-9.79703963e-01
-9.79084074e-01
-9.78455007e-01
-9.77816641e-01
-9.77169096e-01
-9.76512372e-01
-9.75846410e-01
-9.75171268e-01
-9.74486947e-01
-9.73793447e-01
-9.73090768e-01
-9.72378910e-01
-9.71657872e-01
-9.70927715e-01
-9.70188379e-01
-9.69439924e-01
-9.68682349e-01
-9.67915595e-01
-9.67139781e-01
-9.66354847e-01
-9.65560794e-01
-9.64757621e-01
-9.63945389e-01
-9.63124037e-01
-9.62293625e-01
-9.61454213e-01
-9.60605681e-01
-9.59748089e-01
-9.58881497e-01
-9.58005846e-01
-9.57121134e-01
-9.56227481e-01
-9.55324769e-01
-9.54413056e-01
-9.53492343e-01
-9.52562690e-01
-9.51624036e-01
-9.50676382e-01
-9.49719846e-01
-9.48754311e-01
-9.47779834e-01
-9.46796477e-01
-9.45804119e-01
-9.44802940e-01
-9.43792820e-01
-9.42773759e-01
-9.41745877e-01
-9.40709114e-01
-9.39663470e-01
-9.38609004e-01
-9.37545657e-01
-9.36473489e-01
-9.35392499e-01
-9.34302688e-01
-9.33204114e-01
-9.32096720e-01
-9.30980504e-01
-9.29855585e-01
-9.28721845e-01
-9.27579403e-01
-9.26428199e-01
-9.25268292e-01
-9.24099624e-01
-9.22922313e-01
-9.21736240e-01
-9.20541525e-01
-9.19338107e-01
-9.18126047e-01
-9.16905344e-01
-9.15675998e-01
-9.14438009e-01
-9.13191378e-01
-9.11936224e-01
-9.10672426e-01
-9.09400046e-01
-9.08119082e-01
-9.06829596e-01
-9.05531585e-01
-9.04224992e-01
-9.02909875e-01
-9.01586294e-01
-9.00254190e-01
-8.98913622e-01
-8.97564590e-01
-8.96207094e-01
-8.94841135e-01
-8.93466771e-01
-8.92084002e-01
-8.90692770e-01
-8.89293194e-01
-8.87885213e-01
-8.86468887e-01
-8.85044217e-01
-8.83611202e-01
-8.82169843e-01
-8.80720198e-01
-8.79262269e-01
-8.77795994e-01
-8.76321495e-01
-8.74838710e-01
-8.73347700e-01
-8.71848464e-01
-8.70341003e-01
-8.68825376e-01
-8.67301524e-01
-8.65769506e-01
-8.64229381e-01
-8.62681031e-01
-8.61124635e-01
-8.59560072e-01
-8.57987404e-01
-8.56406689e-01
-8.54817867e-01
-8.53221059e-01
-8.51616144e-01
-8.50003242e-01
-8.48382294e-01
-8.46753359e-01
-8.45116496e-01
-8.43471646e-01
-8.41818810e-01
-8.40158105e-01
-8.38489413e-01
-8.36812913e-01
-8.35128486e-01
-8.33436131e-01
-8.31735969e-01
-8.30027997e-01
-8.28312218e-01
-8.26588571e-01
-8.24857175e-01
-8.23117971e-01
-8.21371078e-01
-8.19616377e-01
-8.17853987e-01
-8.16083908e-01
-8.14306140e-01
-8.12520683e-01
-8.10727537e-01
-8.08926821e-01
-8.07118416e-01
-8.05302441e-01
-8.03478897e-01
-8.01647782e-01
-7.99809098e-01
-7.97962844e-01
-7.96109080e-01
-7.94247866e-01
-7.92379141e-01
-7.90502965e-01
-7.88619339e-01
-7.86728263e-01
-7.84829795e-01
-7.82923877e-01
-7.81010628e-01
-7.79090047e-01
-7.77162075e-01
-7.75226831e-01
-7.73284256e-01
-7.71334410e-01
-7.69377232e-01
-7.67412901e-01
-7.65441298e-01
-7.63462484e-01
-7.61476457e-01
-7.59483278e-01
-7.57482946e-01
-7.55475461e-01
-7.53460824e-01
-7.51439154e-01
-7.49410391e-01
-7.47374535e-01
-7.45331645e-01
-7.43281782e-01
-7.41224885e-01
-7.39160955e-01
-7.37090111e-01
-7.35012352e-01
-7.32927620e-01
-7.30835974e-01
-7.28737473e-01
-7.26632118e-01
-7.24519908e-01
-7.22400844e-01
-7.20274985e-01
-7.18142331e-01
-7.16002941e-01
-7.13856816e-01
-7.11703897e-01
-7.09544361e-01
-7.07378089e-01
-7.05205142e-01
-7.03025579e-01
-7.00839341e-01
-6.98646545e-01
-6.96447194e-01
-6.94241226e-01
-6.92028761e-01
-6.89809740e-01
-6.87584221e-01
-6.85352266e-01
-6.83113813e-01
-6.80868924e-01
-6.78617656e-01
-6.76359951e-01
-6.74095869e-01
-6.71825469e-01
-6.69548750e-01
-6.67265713e-01
-6.64976358e-01
-6.62680745e-01
-6.60378933e-01
-6.58070862e-01
-6.55756593e-01
-6.53436124e-01
-6.51109517e-01
-6.48776829e-01
-6.46437943e-01
-6.44093037e-01
-6.41741991e-01
-6.39384985e-01
-6.37021899e-01
-6.34652793e-01
-6.32277727e-01
-6.29896760e-01
-6.27509773e-01
-6.25116944e-01
-6.22718155e-01
-6.20313585e-01
-6.17903113e-01
-6.15486801e-01
-6.13064706e-01
-6.10636890e-01
-6.08203232e-01
-6.05763912e-01
-6.03318870e-01
-6.00868165e-01
-5.98411739e-01
-5.95949709e-01
-5.93482077e-01
-5.91008842e-01
-5.88530004e-01
-5.86045682e-01
-5.83555818e-01
-5.81060410e-01
-5.78559577e-01
-5.76053262e-01
-5.73541582e-01
-5.71024418e-01
-5.68501949e-01
-5.65974057e-01
-5.63440859e-01
-5.60902357e-01
-5.58358550e-01
-5.55809498e-01
-5.53255260e-01
-5.50695717e-01
-5.48131049e-01
-5.45561194e-01
-5.42986214e-01
-5.40406108e-01
-5.37820876e-01
-5.35230637e-01
-5.32635331e-01
-5.30035019e-01
-5.27429700e-01
-5.24819374e-01
-5.22204161e-01
-5.19584000e-01
-5.16958952e-01
-5.14329016e-01
-5.11694252e-01
-5.09054661e-01
-5.06410301e-01
-5.03761113e-01
-5.01107216e-01
-4.98448610e-01
-4.95785296e-01
-4.93117303e-01
-4.90444660e-01
-4.87767428e-01
-4.85085577e-01
-4.82399136e-01
-4.79708165e-01
-4.77012694e-01
-4.74312693e-01
-4.71608251e-01
-4.68899369e-01
-4.66186047e-01
-4.63468343e-01
-4.60746288e-01
-4.58019882e-01
-4.55289155e-01
-4.52554137e-01
-4.49814856e-01
-4.47071344e-01
-4.44323599e-01
-4.41571683e-01
-4.38815624e-01
-4.36055422e-01
-4.33291078e-01
-4.30522680e-01
-4.27750230e-01
-4.24973756e-01
-4.22193259e-01
-4.19408798e-01
-4.16620374e-01
-4.13828015e-01
-4.11031783e-01
-4.08231676e-01
-4.05427694e-01
-4.02619928e-01
-3.99808347e-01
-3.96993011e-01
-3.94173920e-01
-3.91351134e-01
-3.88524652e-01
-3.85694504e-01
-3.82860720e-01
-3.80023330e-01
-3.77182364e-01
-3.74337852e-01
-3.71489793e-01
-3.68638247e-01
-3.65783244e-01
-3.62924755e-01
-3.60062897e-01
-3.57197613e-01
-3.54328960e-01
-3.51456970e-01
-3.48581702e-01
-3.45703125e-01
-3.42821270e-01
-3.39936227e-01
-3.37047964e-01
-3.34156513e-01
-3.31261933e-01
-3.28364193e-01
-3.25463414e-01
-3.22559536e-01
-3.19652617e-01
-3.16742688e-01
-3.13829780e-01
-3.10913920e-01
-3.07995141e-01
-3.05073440e-01
-3.02148879e-01
-2.99221456e-01
-2.96291232e-01
-2.93358207e-01
-2.90422410e-01
-2.87483901e-01
-2.84542650e-01
-2.81598747e-01
-2.78652161e-01
-2.75702983e-01
-2.72751182e-01
-2.69796818e-01
-2.66839921e-01
-2.63880521e-01
-2.60918617e-01
-2.57954240e-01
-2.54987448e-01
-2.52018243e-01
-2.49046683e-01
-2.46072769e-01
-2.43096545e-01
-2.40118012e-01
-2.37137228e-01
-2.34154209e-01
-2.31168985e-01
-2.28181586e-01
-2.25192025e-01
-2.22200349e-01
-2.19206586e-01
-2.16210753e-01
-2.13212878e-01
-2.10212991e-01
-2.07211137e-01
-2.04207331e-01
-2.01201588e-01
-1.98193952e-01
-1.95184454e-01
-1.92173123e-01
-1.89159974e-01
-1.86145037e-01
-1.83128357e-01
-1.80109933e-01
-1.77089825e-01
-1.74068063e-01
-1.71044633e-01
-1.68019608e-01
-1.64993003e-01
-1.61964834e-01
-1.58935145e-01
-1.55903950e-01
-1.52871296e-01
-1.49837196e-01
-1.46801695e-01
-1.43764794e-01
-1.40726551e-01
-1.37686983e-01
-1.34646118e-01
-1.31603971e-01
-1.28560588e-01
-1.25515997e-01
-1.22470230e-01
-1.19423307e-01
-1.16375253e-01
-1.13326110e-01
-1.10275894e-01
-1.07224636e-01
-1.04172371e-01
-1.01119123e-01
-9.80649292e-02
-9.50098038e-02
-9.19537842e-02
-8.88969004e-02
-8.58391821e-02
-8.27806517e-02
-7.97213390e-02
-7.66612813e-02
-7.36004934e-02
-7.05390200e-02
-6.74768761e-02
-6.44140989e-02
-6.13507144e-02
-5.82867526e-02
-5.52222393e-02
-5.21572083e-02
-4.90916856e-02
-4.60256971e-02
-4.29592803e-02
-3.98924537e-02
-3.68252546e-02
-3.37577090e-02
-3.06898430e-02
-2.76216883e-02
-2.45532747e-02
-2.14846283e-02
-1.84157807e-02
-1.53467590e-02
-1.22775920e-02
-9.20831040e-03
-6.13894174e-03
-3.06951511e-03
-5.96046448e-08
5.96046448e-08
3.06951511e-03
